30 0.042222222222222223 0.31 0.04666666666666667 0.3165 0.056666666666666664 0.3215 0.06777777777777778 0.321 0.07333333333333333 0.3185 0.13 0.321 0.14 0.3175 0.1388888888888889 0.2955 0.1111111111111111 0.2965 0.04555555555555556 0.2915 0.042222222222222223 0.293 0.042222222222222223 0.31
30 0.043333333333333335 0.348 0.07666666666666666 0.351 0.09111111111111111 0.349 0.13777777777777778 0.3515 0.14 0.329 0.13333333333333333 0.3245 0.08444444444444445 0.3225 0.058888888888888886 0.3235 0.044444444444444446 0.3215 0.04111111111111111 0.3235 0.04 0.3455 0.043333333333333335 0.348
30 0.14888888888888888 0.353 0.24 0.3535 0.24 0.331 0.2111111111111111 0.3305 0.19777777777777777 0.328 0.14666666666666667 0.3275 0.14555555555555555 0.3495 0.14888888888888888 0.353
30 0.15 0.3765 0.16444444444444445 0.3785 0.18222222222222223 0.3765 0.19555555555555557 0.3795 0.2311111111111111 0.3805 0.23333333333333334 0.3625 0.22333333333333333 0.3555 0.19444444444444445 0.357 0.17777777777777778 0.3545 0.14666666666666667 0.3545 0.14666666666666667 0.3745 0.15 0.3765
30 0.06777777777777778 0.3785 0.07444444444444444 0.3835 0.10444444444444445 0.381 0.13666666666666666 0.3825 0.13666666666666666 0.3525 0.12 0.35 0.10222222222222223 0.3505 0.09111111111111111 0.348 0.08555555555555555 0.35 0.03888888888888889 0.3495 0.04 0.3765 0.06777777777777778 0.3785
30 0.056666666666666664 0.41 0.07 0.409 0.0811111111111111 0.4115 0.09333333333333334 0.4115 0.1 0.418 0.11 0.412 0.12 0.4115 0.13444444444444445 0.415 0.14 0.402 0.13555555555555557 0.381 0.07444444444444444 0.377 0.042222222222222223 0.3775 0.04 0.379 0.04 0.4 0.056666666666666664 0.41
30 0.15222222222222223 0.412 0.17444444444444446 0.41 0.18888888888888888 0.41 0.19777777777777777 0.4125 0.24 0.4105 0.24 0.3835 0.16111111111111112 0.3795 0.14555555555555555 0.382 0.14444444444444443 0.406 0.15222222222222223 0.412
30 0.04555555555555556 0.455 0.10333333333333333 0.4575 0.12555555555555556 0.456 0.16777777777777778 0.458 0.1711111111111111 0.4565 0.17444444444444446 0.4285 0.16777777777777778 0.4245 0.12111111111111111 0.4245 0.056666666666666664 0.4195 0.051111111111111114 0.423 0.042222222222222223 0.439 0.04111111111111111 0.4535 0.04555555555555556 0.455
30 0.29333333333333333 0.4645 0.29777777777777775 0.439 0.29 0.4315 0.24444444444444444 0.4285 0.19777777777777777 0.4285 0.18888888888888888 0.4265 0.17777777777777778 0.4285 0.17555555555555555 0.435 0.17555555555555555 0.4605 0.29333333333333333 0.4645
30 0.31666666666666665 0.3625 0.3188888888888889 0.345 0.2833333333333333 0.341 0.24888888888888888 0.3425 0.2511111111111111 0.36 0.31666666666666665 0.3625
30 0.29777777777777775 0.3875 0.31 0.392 0.31333333333333335 0.366 0.30333333333333334 0.3635 0.28 0.3635 0.2677777777777778 0.361 0.25222222222222224 0.362 0.2477777777777778 0.368 0.2477777777777778 0.3865 0.29777777777777775 0.3875
30 0.33 0.3905 0.35777777777777775 0.3935 0.39111111111111113 0.394 0.39444444444444443 0.3885 0.3933333333333333 0.371 0.3277777777777778 0.3675 0.32 0.369 0.31777777777777777 0.3745 0.31777777777777777 0.392 0.33 0.3905
30 0.3055555555555556 0.4125 0.3088888888888889 0.392 0.29555555555555557 0.3885 0.2733333333333333 0.387 0.2588888888888889 0.3885 0.2477777777777778 0.3865 0.2477777777777778 0.4125 0.3055555555555556 0.4125
30 0.3188888888888889 0.4135 0.3888888888888889 0.416 0.39111111111111113 0.403 0.38666666666666666 0.395 0.33444444444444443 0.3915 0.3188888888888889 0.3925 0.31555555555555553 0.3955 0.31444444444444447 0.412 0.3188888888888889 0.4135
30 0.3233333333333333 0.3625 0.33555555555555555 0.3675 0.3655555555555556 0.3705 0.3933333333333333 0.3705 0.39666666666666667 0.351 0.3688888888888889 0.3465 0.3422222222222222 0.3455 0.3211111111111111 0.3455 0.3233333333333333 0.3625
30 0.03888888888888889 0.49 0.06 0.4925 0.06777777777777778 0.4915 0.07444444444444444 0.494 0.11222222222222222 0.493 0.12222222222222222 0.4955 0.14444444444444443 0.4925 0.16111111111111112 0.494 0.16555555555555557 0.4915 0.16777777777777778 0.46 0.16444444444444445 0.4585 0.04666666666666667 0.4555 0.03888888888888889 0.4585 0.03666666666666667 0.467 0.035555555555555556 0.4855 0.03888888888888889 0.49
30 0.20222222222222222 0.497 0.21777777777777776 0.495 0.28555555555555556 0.4995 0.2911111111111111 0.498 0.29333333333333333 0.4665 0.29 0.4645 0.2722222222222222 0.4625 0.17444444444444446 0.46 0.1711111111111111 0.4665 0.1711111111111111 0.4955 0.20222222222222222 0.497
30 0.03222222222222222 0.526 0.10888888888888888 0.5295 0.11222222222222222 0.528 0.11888888888888889 0.5295 0.15777777777777777 0.528 0.16 0.5265 0.16111111111111112 0.4935 0.11666666666666667 0.4955 0.035555555555555556 0.4905 0.03 0.499 0.028888888888888888 0.523 0.03222222222222222 0.526
30 0.16666666666666666 0.5295 0.2811111111111111 0.5335 0.29 0.529 0.2911111111111111 0.501 0.28555555555555556 0.499 0.17 0.495 0.16444444444444445 0.5085 0.16333333333333333 0.5275 0.16666666666666666 0.5295
30 0.028888888888888888 0.563 0.04777777777777778 0.563 0.06 0.566 0.09888888888888889 0.5655 0.10555555555555556 0.5685 0.11222222222222222 0.565 0.12666666666666668 0.5665 0.15222222222222223 0.565 0.15777777777777777 0.529 0.09 0.53 0.05 0.5295 0.03333333333333333 0.5275 0.027777777777777776 0.5285 0.025555555555555557 0.5345 0.024444444444444446 0.5605 0.028888888888888888 0.563
30 0.17444444444444446 0.5695 0.21444444444444444 0.5705 0.23 0.5695 0.23555555555555555 0.567 0.2577777777777778 0.57 0.2788888888888889 0.5695 0.2833333333333333 0.5665 0.28444444444444444 0.535 0.24888888888888888 0.5315 0.16444444444444445 0.531 0.15888888888888889 0.551 0.15888888888888889 0.566 0.17444444444444446 0.5695
30 0.025555555555555557 0.5995 0.15 0.602 0.15333333333333332 0.576 0.15 0.565 0.10777777777777778 0.568 0.06 0.5645 0.024444444444444446 0.564 0.022222222222222223 0.5655 0.022222222222222223 0.5955 0.025555555555555557 0.5995
30 0.15555555555555556 0.6035 0.20666666666666667 0.6025 0.26555555555555554 0.605 0.2722222222222222 0.6035 0.27666666666666667 0.599 0.27666666666666667 0.5695 0.22333333333333333 0.567 0.17222222222222222 0.569 0.15777777777777777 0.567 0.15333333333333332 0.583 0.1511111111111111 0.6 0.15555555555555556 0.6035
30 0.017777777777777778 0.639 0.03333333333333333 0.6385 0.07666666666666666 0.642 0.10444444444444445 0.6405 0.13555555555555557 0.6415 0.14333333333333334 0.6405 0.14555555555555555 0.637 0.15222222222222223 0.609 0.14888888888888888 0.606 0.1388888888888889 0.6045 0.034444444444444444 0.602 0.023333333333333334 0.6055 0.016666666666666666 0.6215 0.013333333333333334 0.637 0.017777777777777778 0.639
30 0.19 0.6405 0.23666666666666666 0.6435 0.27111111111111114 0.6425 0.27666666666666667 0.6205 0.27666666666666667 0.6125 0.2722222222222222 0.608 0.16444444444444445 0.605 0.15666666666666668 0.6055 0.15222222222222223 0.609 0.15 0.6425 0.19 0.6405
30 0.015555555555555555 0.678 0.13333333333333333 0.6795 0.14 0.6755 0.14555555555555555 0.6515 0.14222222222222222 0.6425 0.10333333333333333 0.64 0.017777777777777778 0.64 0.011111111111111112 0.6525 0.01 0.675 0.015555555555555555 0.678
30 0.15 0.6795 0.17444444444444446 0.6795 0.18555555555555556 0.676 0.22666666666666666 0.679 0.2411111111111111 0.6775 0.25 0.68 0.2677777777777778 0.6785 0.2722222222222222 0.671 0.27 0.643 0.24555555555555555 0.644 0.2311111111111111 0.6415 0.21555555555555556 0.6435 0.17888888888888888 0.642 0.15444444444444444 0.643 0.14777777777777779 0.6465 0.14555555555555555 0.6745 0.15 0.6795
30 0.011111111111111112 0.715 0.08888888888888889 0.716 0.10111111111111111 0.718 0.11777777777777777 0.7155 0.13333333333333333 0.7165 0.13777777777777778 0.702 0.13666666666666666 0.68 0.07888888888888888 0.68 0.057777777777777775 0.6775 0.04111111111111111 0.68 0.022222222222222223 0.6785 0.0077777777777777776 0.6805 0.0044444444444444444 0.6875 0.0044444444444444444 0.7085 0.011111111111111112 0.715
30 0.15333333333333332 0.7155 0.22444444444444445 0.7155 0.2577777777777778 0.72 0.26555555555555554 0.7075 0.26666666666666666 0.6835 0.2633333333333333 0.6815 0.21666666666666667 0.6795 0.18555555555555556 0.681 0.14666666666666667 0.6795 0.1388888888888889 0.7035 0.14 0.7175 0.15333333333333332 0.7155
30 0.0044444444444444444 0.7535 0.023333333333333334 0.752 0.07555555555555556 0.754 0.1288888888888889 0.7515 0.13333333333333333 0.7125 0.10666666666666667 0.716 0.05444444444444444 0.716 0.05 0.714 0.034444444444444444 0.7165 0.0077777777777777776 0.715 0.0022222222222222222 0.719 0 0.751 0.0044444444444444444 0.7535
30 0.13666666666666666 0.7535 0.2544444444444444 0.753 0.26222222222222225 0.732 0.2588888888888889 0.7165 0.24222222222222223 0.7175 0.23777777777777778 0.7155 0.20333333333333334 0.7165 0.19666666666666666 0.715 0.17666666666666667 0.7165 0.16111111111111112 0.715 0.14555555555555555 0.7175 0.14 0.7165 0.13555555555555557 0.723 0.13333333333333333 0.7425 0.13666666666666666 0.7535
30 0.005555555555555556 0.7895 0.12555555555555556 0.79 0.13 0.7535 0.013333333333333334 0.753 0.0033333333333333335 0.7575 0.0022222222222222222 0.7875 0.005555555555555556 0.7895
30 0.13333333333333333 0.7925 0.20444444444444446 0.79 0.2477777777777778 0.7905 0.25222222222222224 0.789 0.25666666666666665 0.779 0.25666666666666665 0.758 0.2477777777777778 0.7535 0.22777777777777777 0.7525 0.13666666666666666 0.7545 0.13111111111111112 0.773 0.13 0.7905 0.13333333333333333 0.7925
30 0.3433333333333333 0.4665 0.40555555555555556 0.4675 0.4222222222222222 0.4655 0.4266666666666667 0.436 0.42333333333333334 0.434 0.31777777777777777 0.4305 0.31 0.4325 0.3055555555555556 0.439 0.30666666666666664 0.462 0.3433333333333333 0.4665
30 0.1688888888888889 0.326 0.1711111111111111 0.3275 0.1811111111111111 0.3255 0.22333333333333333 0.329 0.2411111111111111 0.327 0.24222222222222223 0.304 0.23777777777777778 0.301 0.17444444444444446 0.2965 0.15 0.2965 0.14555555555555555 0.3005 0.14777777777777779 0.3265 0.1688888888888889 0.326
30 0.35 0.5015 0.4177777777777778 0.499 0.42 0.4735 0.41333333333333333 0.4685 0.3088888888888889 0.464 0.3011111111111111 0.4695 0.30666666666666664 0.498 0.35 0.5015
30 0.3011111111111111 0.532 0.33444444444444443 0.534 0.37222222222222223 0.533 0.3788888888888889 0.535 0.41333333333333333 0.534 0.41444444444444445 0.501 0.3788888888888889 0.5 0.35 0.502 0.31 0.498 0.29888888888888887 0.5015 0.29777777777777775 0.526 0.3011111111111111 0.532
30 0.29444444444444445 0.5685 0.35888888888888887 0.5685 0.3688888888888889 0.57 0.4088888888888889 0.5645 0.41333333333333333 0.5365 0.41 0.535 0.3711111111111111 0.5355 0.35555555555555557 0.5335 0.33555555555555555 0.535 0.29888888888888887 0.533 0.2922222222222222 0.5465 0.2911111111111111 0.5645 0.29444444444444445 0.5685
30 0.29 0.603 0.3466666666666667 0.604 0.35444444444444445 0.6025 0.3622222222222222 0.605 0.4022222222222222 0.604 0.4077777777777778 0.5855 0.4077777777777778 0.576 0.4033333333333333 0.573 0.38222222222222224 0.569 0.3280955555555556 0.5695 0.30777777777777776 0.5675 0.29555555555555557 0.568 0.2911111111111111 0.572 0.2866666666666667 0.591 0.29 0.603
30 0.31333333333333335 0.642 0.34 0.6395 0.35888888888888887 0.6415 0.36777777777777776 0.6385 0.3811111111111111 0.6395 0.3988888888888889 0.6365 0.4033333333333333 0.6205 0.4 0.607 0.3 0.607 0.2877777777777778 0.6095 0.28888888888888886 0.6405 0.31333333333333335 0.642
30 0.2866666666666667 0.6775 0.29888888888888887 0.679 0.37 0.6785 0.3988888888888889 0.675 0.4011111111111111 0.639 0.3977777777777778 0.636 0.39 0.639 0.37444444444444447 0.639 0.3622222222222222 0.642 0.35 0.6415 0.3277777777777778 0.6365 0.3211111111111111 0.641 0.28888888888888886 0.641 0.2822222222222222 0.653 0.2822222222222222 0.675 0.2866666666666667 0.6775
30 0.29333333333333333 0.714 0.29555555555555557 0.7165 0.30333333333333334 0.7165 0.32666666666666666 0.7135 0.3477777777777778 0.7135 0.3522222222222222 0.7165 0.36 0.713 0.39444444444444443 0.713 0.39666666666666667 0.6775 0.3888888888888889 0.6795 0.28555555555555556 0.679 0.2811111111111111 0.681 0.28 0.689 0.2822222222222222 0.7165 0.29333333333333333 0.714
30 0.2777777777777778 0.75 0.30777777777777776 0.753 0.39111111111111113 0.748 0.39555555555555555 0.7225 0.39222222222222225 0.7135 0.37666666666666665 0.7125 0.3655555555555556 0.7095 0.2966666666666667 0.7145 0.28444444444444444 0.713 0.2777777777777778 0.7165 0.27444444444444444 0.7235 0.2777777777777778 0.75
30 0.27555555555555555 0.786 0.35888888888888887 0.7865 0.39 0.784 0.3933333333333333 0.76 0.39 0.7495 0.27444444444444444 0.751 0.2722222222222222 0.753 0.27111111111111114 0.7795 0.27555555555555555 0.786
30 0.4311111111111111 0.4685 0.45222222222222225 0.471 0.4822222222222222 0.4695 0.5177777777777778 0.4705 0.5322222222222223 0.474 0.5355555555555556 0.451 0.5277777777777778 0.4395 0.5133333333333333 0.4375 0.4311111111111111 0.435 0.4266666666666667 0.4445 0.4255555555555556 0.4645 0.4311111111111111 0.4685
30 0.4266666666666667 0.5015 0.5122222222222222 0.5035 0.5288888888888889 0.507 0.5355555555555556 0.4915 0.5322222222222223 0.47 0.4288888888888889 0.468 0.42444444444444446 0.4695 0.42333333333333334 0.4985 0.4266666666666667 0.5015
30 0.47444444444444445 0.536 0.5211111111111111 0.539 0.53 0.536 0.53 0.504 0.4222222222222222 0.502 0.41888888888888887 0.509 0.4177777777777778 0.536 0.47444444444444445 0.536
30 0.43555555555555553 0.5695 0.5177777777777778 0.5725 0.5222222222222223 0.5705 0.5255555555555556 0.5645 0.5255555555555556 0.5395 0.5222222222222223 0.5385 0.4588888888888889 0.5365 0.43666666666666665 0.538 0.4177777777777778 0.536 0.41333333333333333 0.549 0.4122222222222222 0.564 0.43555555555555553 0.5695
30 0.5144444444444445 0.606 0.5211111111111111 0.574 0.5088888888888888 0.5715 0.45666666666666667 0.5715 0.45222222222222225 0.5695 0.42333333333333334 0.574 0.4111111111111111 0.574 0.41 0.605 0.5144444444444445 0.606
30 0.4077777777777778 0.6415 0.44555555555555554 0.643 0.5144444444444445 0.64 0.5155555555555555 0.6115 0.5122222222222222 0.6085 0.45222222222222225 0.6065 0.44222222222222224 0.608 0.4111111111111111 0.607 0.40555555555555556 0.609 0.4033333333333333 0.636 0.4077777777777778 0.6415
30 0.4077777777777778 0.6785 0.4588888888888889 0.675 0.48333333333333334 0.677 0.5111111111111111 0.6765 0.5133333333333333 0.675 0.5122222222222222 0.6425 0.4533333333333333 0.6395 0.4411111111111111 0.642 0.4266666666666667 0.6405 0.4088888888888889 0.645 0.4033333333333333 0.651 0.4022222222222222 0.6755 0.4077777777777778 0.6785
30 0.40444444444444444 0.7135 0.43777777777777777 0.711 0.5066666666666667 0.7105 0.5144444444444445 0.708 0.5111111111111111 0.676 0.49444444444444446 0.6775 0.45444444444444443 0.6765 0.4033333333333333 0.68 0.4011111111111111 0.6865 0.4 0.711 0.40444444444444444 0.7135
30 0.42444444444444446 0.749 0.43555555555555553 0.7455 0.46555555555555556 0.744 0.5088888888888888 0.7465 0.5133333333333333 0.735 0.5111111111111111 0.7115 0.42444444444444446 0.712 0.4022222222222222 0.7145 0.3988888888888889 0.718 0.3988888888888889 0.748 0.42444444444444446 0.749
30 0.46111111111111114 0.783 0.5044444444444445 0.7795 0.51 0.7525 0.5077777777777778 0.746 0.49666666666666665 0.748 0.45555555555555555 0.7445 0.4166666666666667 0.75 0.3988888888888889 0.749 0.39555555555555555 0.7525 0.39666666666666667 0.785 0.46111111111111114 0.783
30 0.5466666666666666 0.472 0.59 0.475 0.6044444444444445 0.4735 0.6277777777777778 0.4745 0.6466666666666666 0.4795 0.6533333333333333 0.4705 0.6511111111111111 0.445 0.5566666666666666 0.4395 0.5411111111111111 0.4425 0.5422222222222223 0.4675 0.5466666666666666 0.472
30 0.5455555555555556 0.504 0.5733333333333334 0.507 0.6 0.505 0.6233333333333333 0.507 0.6455555555555555 0.505 0.6466666666666666 0.4765 0.6155555555555555 0.474 0.5788888888888889 0.475 0.5566666666666666 0.4725 0.5455555555555556 0.4725 0.5422222222222223 0.4755 0.5411111111111111 0.5005 0.5455555555555556 0.504
30 0.6444444444444445 0.5405 0.6466666666666666 0.5065 0.5477777777777778 0.506 0.54 0.5075 0.5433333333333333 0.5395 0.6444444444444445 0.5405
30 0.5377777777777778 0.572 0.6022222222222222 0.5745 0.64 0.573 0.6444444444444445 0.5675 0.6433333333333333 0.5415 0.5444444444444444 0.5395 0.5388888888888889 0.541 0.5355555555555556 0.5465 0.5344444444444445 0.5695 0.5377777777777778 0.572
30 0.53 0.604 0.5366666666666666 0.6065 0.63 0.6075 0.6388888888888888 0.606 0.6422222222222222 0.5775 0.6377777777777778 0.574 0.5333333333333333 0.572 0.5277777777777778 0.5865 0.5266666666666666 0.599 0.53 0.604
30 0.6677777777777778 0.485 0.7277777777777777 0.474 0.7555555555555555 0.472 0.7544444444444445 0.453 0.6611111111111111 0.445 0.6544444444444445 0.446 0.6544444444444445 0.4855 0.6677777777777778 0.485
30 0.5288888888888889 0.6405 0.5533333333333333 0.641 0.5622222222222222 0.6355 0.5944444444444444 0.6405 0.6311111111111111 0.64 0.6288888888888889 0.6105 0.5255555555555556 0.6095 0.5233333333333333 0.615 0.5288888888888889 0.6405
30 0.5222222222222223 0.676 0.5288888888888889 0.6785 0.6011111111111112 0.679 0.6333333333333333 0.674 0.6344444444444445 0.6555 0.6288888888888889 0.6425 0.56 0.6395 0.5255555555555556 0.643 0.5211111111111111 0.645 0.52 0.6715 0.5222222222222223 0.676
30 0.53 0.7115 0.5655555555555556 0.709 0.5811111111111111 0.7105 0.6311111111111111 0.709 0.6333333333333333 0.6785 0.63 0.677 0.5233333333333333 0.68 0.5244444444444445 0.707 0.53 0.7115
30 0.5266666666666666 0.7475 0.5544444444444444 0.746 0.5933333333333334 0.747 0.6288888888888889 0.7435 0.6322222222222222 0.7135 0.6255555555555555 0.7105 0.5222222222222223 0.7135 0.5211111111111111 0.736 0.5266666666666666 0.7475
30 0.5244444444444445 0.7805 0.63 0.78 0.6322222222222222 0.7485 0.6288888888888889 0.7445 0.6022222222222222 0.7475 0.5566666666666666 0.7465 0.5466666666666666 0.7445 0.5211111111111111 0.7475 0.5211111111111111 0.7775 0.5244444444444445 0.7805
30 0.7366666666666667 0.776 0.7388888888888889 0.75 0.7355555555555555 0.7445 0.6766666666666666 0.744 0.6355555555555555 0.7485 0.6355555555555555 0.7815 0.7366666666666667 0.776
30 0.6577777777777778 0.7465 0.6944444444444444 0.742 0.7377777777777778 0.7425 0.74 0.7175 0.7366666666666667 0.7095 0.6633333333333333 0.709 0.6355555555555555 0.7135 0.6377777777777778 0.7465 0.6577777777777778 0.7465
30 0.7377777777777778 0.708 0.74 0.6945 0.7355555555555555 0.6805 0.7133333333333334 0.675 0.7 0.6745 0.6366666666666667 0.6785 0.6366666666666667 0.7115 0.7377777777777778 0.708
30 0.6544444444444445 0.6775 0.6988888888888889 0.6725 0.6988888888888889 0.6695 0.6833333333333333 0.663 0.66 0.646 0.6366666666666667 0.64 0.6377777777777778 0.677 0.6544444444444445 0.6775
30 0.7255555555555555 0.43 0.7433333333333333 0.43 0.76 0.407 0.7666666666666667 0.383 0.7933333333333333 0.3395 0.8255555555555556 0.2675 0.8166666666666667 0.2565 0.8066666666666666 0.256 0.8044444444444444 0.2575 0.7833333333333333 0.2515 0.7655555555555555 0.25 0.7511111111111111 0.2515 0.6788888888888889 0.406 0.6822222222222222 0.4225 0.7255555555555555 0.43
30 0.5533755555555556 0.2421295 0.4721277777777778 0.4179215 0.5058166666666667 0.406767 0.5880544444444444 0.41925999999999997 0.6762377777777778 0.236775 0.5915222222222223 0.22627950000000002 0.5533755555555556 0.2421295
30 0.58211 0.414798 0.6772288888888889 0.42506 0.7594677777777777 0.24882200000000002 0.6732655555555556 0.238318 0.58211 0.414798
30 0.751541111111111 0.434876 0.8258522222222223 0.4433535 0.9071 0.266669 0.8337788888888888 0.26038900000000004 0.751541111111111 0.434876
30 0.8298155555555555 0.440676 0.9080911111111112 0.4491535 0.9873566666666667 0.277377 0.9095766666666667 0.263733 0.8298155555555555 0.440676
30 0.7396511111111111 0.6781090000000001 0.8763844444444444 0.6785549999999999 0.8595411111111111 0.477331 0.7208255555555556 0.47908850000000003 0.7396511111111111 0.6781090000000001
30 0.8763844444444444 0.677663 0.9982555555555555 0.6740934999999999 0.9952833333333333 0.4755465 0.860531111111111 0.477082 0.8763844444444444 0.677663