30 0 0.5697916666666667 0.01328125 0.5729166666666666 0.059375 0.5708333333333333 0.06328125 0.5395833333333333 0.07421875 0.20625 0.06953125 0.20104166666666667 0.009375 0.2 0 0.20104166666666667 0 0.5697916666666667
30 0.0703125 0.5739583333333333 0.1578125 0.5739583333333333 0.16328125 0.5677083333333334 0.17109375 0.23854166666666668 0.17109375 0.21354166666666666 0.165625 0.20729166666666668 0.08203125 0.203125 0.07578125 0.20625 0.07421875 0.27708333333333335 0.0765625 0.29791666666666666 0.07109375 0.325 0.07265625 0.340625 0.06953125 0.3625 0.0640625 0.5322916666666667 0.06328125 0.56875 0.0703125 0.5739583333333333
30 0.17578125 0.571875 0.2515625 0.5697916666666667 0.2546875 0.55 0.253125 0.4864583333333333 0.25703125 0.28125 0.26171875 0.25833333333333336 0.2609375 0.21354166666666666 0.2578125 0.209375 0.18046875 0.21145833333333333 0.1734375 0.21666666666666667 0.16875 0.4114583333333333 0.16796875 0.5666666666666667 0.17578125 0.571875
30 0.2546875 0.5677083333333334 0.26484375 0.571875 0.34921875 0.5677083333333334 0.353125 0.5416666666666666 0.34921875 0.3854166666666667 0.353125 0.30520833333333336 0.35078125 0.296875 0.35234375 0.22395833333333334 0.34765625 0.215625 0.33125 0.21145833333333333 0.2640625 0.21145833333333333 0.26171875 0.21458333333333332 0.25703125 0.36666666666666664 0.253125 0.525 0.2546875 0.5677083333333334
30 0.3625 0.5760416666666667 0.4421875 0.5739583333333333 0.44296875 0.21666666666666667 0.44140625 0.2125 0.36640625 0.21354166666666666 0.35703125 0.21979166666666666 0.3578125 0.5708333333333333 0.3625 0.5760416666666667
30 0.45390625 0.5760416666666667 0.5296875 0.5729166666666666 0.534375 0.5614583333333333 0.53203125 0.22291666666666668 0.525 0.21145833333333333 0.45234375 0.2125 0.44609375 0.21458333333333332 0.44453125 0.21979166666666666 0.4453125 0.571875 0.45390625 0.5760416666666667
30 0.53515625 0.275 0.540625 0.5645833333333333 0.55 0.5708333333333333 0.62265625 0.56875 0.62734375 0.5614583333333333 0.62734375 0.5416666666666666 0.61953125 0.21875 0.6171875 0.215625 0.58671875 0.215625 0.53828125 0.21875 0.5359375 0.22291666666666668 0.5390625 0.25625 0.53515625 0.275
30 0.63125 0.5447916666666667 0.62890625 0.55 0.6296875 0.5677083333333334 0.63984375 0.5729166666666666 0.68515625 0.575 0.71328125 0.5697916666666667 0.71484375 0.5322916666666667 0.7109375 0.39791666666666664 0.703125 0.225 0.6953125 0.21770833333333334 0.621875 0.21875 0.628125 0.5125 0.63125 0.5447916666666667
30 0.7171875 0.2635416666666667 0.71875 0.26979166666666665 0.715625 0.29583333333333334 0.721875 0.371875 0.72265625 0.4864583333333333 0.71953125 0.5083333333333333 0.7234375 0.5604166666666667 0.728125 0.565625 0.80546875 0.5645833333333333 0.81015625 0.5614583333333333 0.8109375 0.5552083333333333 0.81015625 0.41041666666666665 0.803125 0.21666666666666667 0.72265625 0.2125 0.7109375 0.234375 0.709375 0.25833333333333336 0.7171875 0.2635416666666667
30 0.82109375 0.565625 0.853125 0.5697916666666667 0.89453125 0.5666666666666667 0.89765625 0.5541666666666667 0.8984375 0.5208333333333334 0.88671875 0.221875 0.8796875 0.215625 0.80703125 0.21354166666666666 0.8140625 0.5604166666666667 0.82109375 0.565625
30 0.9 0.5229166666666667 0.8984375 0.5614583333333333 0.903125 0.5677083333333334 0.98125 0.5677083333333334 0.9765625 0.31979166666666664 0.9703125 0.284375 0.97421875 0.24791666666666667 0.971875 0.22291666666666668 0.8921875 0.21875 0.8890625 0.225 0.9 0.5229166666666667
30 0.44921875 0.20416666666666666 0.453125 0.20729166666666668 0.4734375 0.20729166666666668 0.47734375 0.203125 0.55625 0.21354166666666666 0.6065625 0.209375 0.68515625 0.21354166666666666 0.69765625 0.209375 0.703125 0.21145833333333333 0.71328125 0.19270833333333334 0.71171875 0.09791666666666667 0.709375 0.09583333333333334 0.4953125 0.07916666666666666 0.4515625 0.07916666666666666 0.4484375 0.08229166666666667 0.446875 0.10416666666666667 0.44609375 0.18645833333333334 0.44921875 0.20416666666666666
30 0.45546875 0 0.4515625 0.020833333333333332 0.45 0.075 0.453125 0.078125 0.7125 0.08958333333333333 0.7125 0 0.45546875 0
30 0 0.9833333333333333 0.040625 0.9822916666666667 0.04609375 0.9802083333333333 0.0484375 0.95625 0.0484375 0.9322916666666666 0.03984375 0.9260416666666667 0.0390625 0.9166666666666666 0.05 0.9 0.0546875 0.5895833333333333 0.04921875 0.584375 0.003125 0.584375 0 0.5864583333333333 0 0.9833333333333333
30 0.0515625 0.9177083333333333 0.05 0.9791666666666666 0.0546875 0.9833333333333333 0.14375 0.9802083333333333 0.1484375 0.9708333333333333 0.15078125 0.9427083333333334 0.14921875 0.90625 0.1578125 0.7864583333333334 0.1625 0.5875 0.159375 0.584375 0.1125 0.5833333333333334 0.0921875 0.5875 0.07109375 0.5833333333333334 0.059375 0.5916666666666667 0.05546875 0.6177083333333333 0.04765625 0.9145833333333333 0.0515625 0.9177083333333333
30 0.16953125 0.9739583333333334 0.24609375 0.971875 0.24921875 0.9583333333333334 0.25859375 0.5833333333333334 0.24921875 0.578125 0.17421875 0.578125 0.16796875 0.584375 0.1671875 0.5927083333333333 0.1546875 0.9697916666666667 0.16953125 0.9739583333333334
30 0.2515625 0.9770833333333333 0.3421875 0.9739583333333334 0.34609375 0.9677083333333333 0.34765625 0.9489583333333333 0.35234375 0.5864583333333333 0.321875 0.58125 0.26328125 0.58125 0.2578125 0.6135416666666667 0.25859375 0.6625 0.25546875 0.6958333333333333 0.25 0.9739583333333334 0.2515625 0.9770833333333333
30 0.3546875 0.7572916666666667 0.35078125 0.959375 0.3546875 0.96875 0.3609375 0.9708333333333333 0.43046875 0.9708333333333333 0.4421875 0.9572916666666667 0.44296875 0.9520833333333333 0.44296875 0.928125 0.4390625 0.9208333333333333 0.43828125 0.909375 0.4421875 0.90625 0.44375 0.89375 0.44609375 0.5833333333333334 0.40625 0.5802083333333333 0.36171875 0.5822916666666667 0.3578125 0.5927083333333333 0.35546875 0.6916666666666667 0.3578125 0.7177083333333333 0.3546875 0.7572916666666667
30 0.45546875 0.971875 0.5359375 0.9666666666666667 0.53984375 0.9572916666666667 0.540625 0.9104166666666667 0.5359375 0.5875 0.528125 0.5822916666666667 0.45234375 0.5822916666666667 0.44921875 0.5947916666666667 0.4484375 0.6385416666666667 0.4453125 0.9677083333333333 0.45546875 0.971875
30 0.54609375 0.7270833333333333 0.54296875 0.7364583333333333 0.54296875 0.95625 0.5546875 0.9614583333333333 0.63125 0.9614583333333333 0.63515625 0.9395833333333333 0.6328125 0.9166666666666666 0.634375 0.8197916666666667 0.63046875 0.5822916666666667 0.625 0.5770833333333333 0.60859375 0.575 0.55078125 0.575 0.54609375 0.578125 0.54296875 0.5895833333333333 0.54296875 0.7166666666666667 0.54609375 0.7270833333333333
30 0.640625 0.9666666666666667 0.721875 0.9635416666666666 0.72578125 0.95625 0.72578125 0.9239583333333333 0.71640625 0.5864583333333333 0.703125 0.58125 0.64140625 0.578125 0.6328125 0.58125 0.6375 0.9614583333333333 0.640625 0.9666666666666667
30 0.7234375 0.6333333333333333 0.72890625 0.7197916666666667 0.72578125 0.803125 0.72890625 0.825 0.72734375 0.8447916666666667 0.73046875 0.8541666666666666 0.72734375 0.8729166666666667 0.73125 0.94375 0.7375 0.9510416666666667 0.81796875 0.9489583333333333 0.82109375 0.9447916666666667 0.82109375 0.8729166666666667 0.81953125 0.6989583333333333 0.81484375 0.5739583333333333 0.81171875 0.5708333333333333 0.7328125 0.5708333333333333 0.72890625 0.5729166666666666 0.72421875 0.5875 0.72734375 0.6 0.7234375 0.6333333333333333
30 0.82578125 0.95625 0.884375 0.9552083333333333 0.90078125 0.9583333333333334 0.9046875 0.953125 0.90546875 0.9010416666666666 0.90546875 0.7333333333333333 0.9015625 0.5895833333333333 0.8734375 0.5802083333333333 0.82734375 0.575 0.81953125 0.58125 0.8203125 0.946875 0.82578125 0.95625
30 0.90625 0.715625 0.909375 0.7364583333333333 0.90625 0.7510416666666667 0.9078125 0.934375 0.9140625 0.9458333333333333 0.9203125 0.9479166666666666 0.98515625 0.9479166666666666 0.9953125 0.9416666666666667 0.99375 0.9354166666666667 0.99921875 0.9302083333333333 0.99921875 0.7697916666666667 0.990625 0.5833333333333334 0.984375 0.571875 0.9046875 0.5729166666666666 0.90859375 0.6979166666666666 0.90625 0.715625