30 0.07733333333333334 0.282 0.45866666666666667 0.268 0.4666666666666667 0.24 0.456 0.076 0.424 0.056 0.256 0.066 0.24533333333333332 0.074 0.19733333333333333 0.068 0.056 0.08 0.042666666666666665 0.094 0.05333333333333334 0.24 0.07733333333333334 0.282
30 0.45066666666666666 0.202 0.47733333333333333 0.212 0.48 0.256 0.49866666666666665 0.274 0.6266666666666667 0.262 0.64 0.27 0.7226666666666667 0.264 0.8533333333333334 0.276 0.8666666666666667 0.222 0.8826666666666667 0.202 0.8853333333333333 0.16 0.8773333333333333 0.112 0.8586666666666667 0.088 0.7706666666666667 0.072 0.5173333333333333 0.056 0.4826666666666667 0.056 0.4666666666666667 0.076 0.4693333333333333 0.162 0.45066666666666666 0.202
30 0.09333333333333334 0.446 0.11466666666666667 0.47 0.47733333333333333 0.464 0.4693333333333333 0.28 0.07733333333333334 0.288 0.08 0.39 0.09333333333333334 0.446
30 0.49333333333333335 0.466 0.8506666666666667 0.464 0.864 0.418 0.8586666666666667 0.396 0.8666666666666667 0.392 0.8693333333333333 0.308 0.8613333333333333 0.292 0.7386666666666667 0.28 0.49333333333333335 0.286 0.48533333333333334 0.292 0.49333333333333335 0.466
30 0.136 0.65 0.488 0.636 0.4826666666666667 0.474 0.10133333333333333 0.486 0.10666666666666667 0.564 0.136 0.65
30 0.5066666666666667 0.65 0.64 0.638 0.8293333333333334 0.642 0.856 0.636 0.8586666666666667 0.472 0.6693333333333333 0.466 0.49333333333333335 0.474 0.49333333333333335 0.596 0.5066666666666667 0.65
30 0.13866666666666666 0.71 0.15466666666666667 0.786 0.168 0.804 0.44 0.8 0.45866666666666667 0.798 0.4666666666666667 0.784 0.496 0.774 0.49333333333333335 0.658 0.48533333333333334 0.646 0.144 0.662 0.136 0.666 0.13866666666666666 0.71
30 0.52 0.802 0.84 0.788 0.8586666666666667 0.668 0.8506666666666667 0.646 0.5946666666666667 0.644 0.5093333333333333 0.656 0.5066666666666667 0.748 0.52 0.802
30 0.16533333333333333 0.928 0.184 0.936 0.4266666666666667 0.942 0.48533333333333334 0.938 0.49066666666666664 0.932 0.49866666666666665 0.838 0.4693333333333333 0.81 0.15466666666666667 0.814 0.16 0.914 0.16533333333333333 0.928
30 0.712 0.924 0.7866666666666666 0.926 0.8106666666666666 0.918 0.8186666666666667 0.9 0.8346666666666667 0.8 0.7226666666666667 0.796 0.5653333333333334 0.806 0.536 0.812 0.5093333333333333 0.846 0.5093333333333333 0.938 0.712 0.924
30 0.830264 0.46328199999999997 0.84156 0.292514 0.636616 0.283814 0.6398453333333334 0.466916 0.830264 0.46328199999999997
30 0.48169866666666666 0.468126 0.472016 0.285248 0.278368 0.28744600000000003 0.29127733333333333 0.474182 0.48169866666666666 0.468126
30 0.8496293333333333 0.269504 0.8512426666666667 0.08662399999999999 0.660824 0.065962 0.6624373333333333 0.268292 0.8496293333333333 0.269504
30 0.068584 0.06482399999999999 0.08633333333333333 0.271926 0.2864373333333333 0.269504 0.278368 0.065962 0.068584 0.06482399999999999
30 0.49299466666666664 0.46328199999999997 0.6672773333333334 0.457226 0.683416 0.279192 0.4986426666666667 0.282 0.49299466666666664 0.46328199999999997
30 0.12022400000000001 0.470548 0.3106426666666667 0.464492 0.3106426666666667 0.281614 0.09924533333333332 0.291076 0.12022400000000001 0.470548
30 0.12667733333333334 0.648454 0.49299466666666664 0.638766 0.4865386666666667 0.543088 0.11134666666666668 0.559762 0.12667733333333334 0.648454
30 0.10569866666666666 0.56731 0.48169866666666666 0.56731 0.4865386666666667 0.471632 0.10408533333333332 0.48533 0.10569866666666666 0.56731
30 0.8512426666666667 0.5685220000000001 0.8544693333333333 0.475266 0.5107466666666667 0.478068 0.505904 0.572154 0.8512426666666667 0.5685220000000001
30 0.8448693333333334 0.6387999999999999 0.848096 0.545544 0.5043706666666667 0.548346 0.4995306666666667 0.642432 0.8448693333333334 0.6387999999999999
30 0.4894986666666667 0.807022 0.4927253333333333 0.713766 0.14900266666666667 0.716568 0.14416 0.8106559999999999 0.4894986666666667 0.807022
30 0.494096 0.7474500000000001 0.4973226666666667 0.6541939999999999 0.15359733333333334 0.6569980000000001 0.14875733333333332 0.751084 0.494096 0.7474500000000001
30 0.48736266666666667 0.935494 0.4910906666666666 0.879112 0.14736533333333335 0.881914 0.16516266666666668 0.930414 0.48736266666666667 0.935494
30 0.800088 0.9192359999999999 0.8163333333333334 0.866404 0.5239173333333333 0.8725 0.5194133333333333 0.924558 0.800088 0.9192359999999999