30 0.587212890625 0.3097337239583333 0.5955791015625 0.31019921875 0.6238154296875 0.31112890625 0.62892822265625 0.31159440104166664 0.6298828125 0.306640625 0.63078759765625 0.2943854166666667 0.626953125 0.2942708333333333 0.59174462890625 0.291904296875 0.58779345703125 0.2920592447916667 0.5874453125 0.3077180989583333 0.587212890625 0.3097337239583333
30 0.54317822265625 0.3089563802083333 0.55154443359375 0.3094212239583333 0.57978076171875 0.3103515625 0.5848935546875 0.3108170572916667 0.58584814453125 0.30586328125 0.5867529296875 0.293607421875 0.58291845703125 0.2934934895833333 0.5477099609375 0.291126953125 0.54375927734375 0.2912819010416667 0.54341064453125 0.30694075520833336 0.54317822265625 0.3089563802083333
30 0.54352197265625 0.3277180989583333 0.58465625 0.32973372395833334 0.5854697265625 0.3121888020833333 0.54363818359375 0.30942382812499997 0.54352197265625 0.3277180989583333
30 0.5863994140625 0.3284934895833333 0.62811962890625 0.33081640625000003 0.62893310546875 0.313271484375 0.5870966796875 0.3106640625 0.5863994140625 0.3284934895833333
30 0.54245849609375 0.34590950520833336 0.583736328125 0.3481783854166667 0.5845498046875 0.3306334635416667 0.54271337890625 0.32802604166666666 0.54245849609375 0.34590950520833336
30 0.54145751953125 0.36331901041666664 0.583177734375 0.3656419270833333 0.5839912109375 0.34809700520833337 0.54215478515625 0.34548958333333335 0.54145751953125 0.36331901041666664
30 0.54146142578125 0.3817916666666667 0.583181640625 0.384115234375 0.5839951171875 0.3665703125 0.54215869140625 0.36396289062500004 0.54146142578125 0.3817916666666667
30 0.54055712890625 0.4005677083333334 0.58227783203125 0.402890625 0.5830908203125 0.385345703125 0.54125439453125 0.38273828125 0.54055712890625 0.4005677083333334
30 0.585056640625 0.34695182291666665 0.62677685546875 0.3492747395833333 0.62759033203125 0.3317298177083333 0.58575390625 0.3291223958333333 0.585056640625 0.34695182291666665
30 0.585060546875 0.36481901041666664 0.62678076171875 0.3671419270833333 0.62759423828125 0.3495970052083333 0.5857578125 0.34698958333333335 0.585060546875 0.36481901041666664
30 0.58347509765625 0.38450325520833334 0.6251953125 0.3868268229166667 0.6260087890625 0.36928125 0.58417236328125 0.366673828125 0.58347509765625 0.38450325520833334
30 0.58302490234375 0.40267317708333333 0.62474560546875 0.4049967447916667 0.62555859375 0.38745182291666663 0.58372216796875 0.38484375 0.58302490234375 0.40267317708333333
30 0.5828017578125 0.4190260416666667 0.6245224609375 0.42134895833333336 0.62533544921875 0.40380403645833335 0.5834990234375 0.4011966145833334 0.5828017578125 0.4190260416666667
30 0.5394453125 0.41871940104166666 0.58116552734375 0.42104296874999997 0.58197900390625 0.4034973958333334 0.540142578125 0.40088997395833337 0.5394453125 0.41871940104166666
30 0.58167431640625 0.435677734375 0.62339501953125 0.4380013020833333 0.62420849609375 0.42045638020833337 0.58237158203125 0.41784895833333335 0.58167431640625 0.435677734375
30 0.53968017578125 0.43446289062500004 0.581400390625 0.43678580729166666 0.5822138671875 0.41924088541666665 0.54037744140625 0.41663346354166664 0.53968017578125 0.43446289062500004
30 0.62963330078125 0.32072656250000003 0.667318359375 0.32133268229166667 0.66709130859375 0.30649088541666664 0.63099560546875 0.3049759114583333 0.62963330078125 0.32072656250000003
30 0.62827490234375 0.33798828124999997 0.6659599609375 0.33859375 0.66573291015625 0.323751953125 0.62963720703125 0.32223763020833335 0.62827490234375 0.33798828124999997
30 0.62759814453125 0.3555520833333334 0.66528271484375 0.35615820312499996 0.6650556640625 0.34131640625 0.6289599609375 0.33980208333333334 0.62759814453125 0.3555520833333334
30 0.6271513671875 0.3728098958333333 0.66483642578125 0.373416015625 0.664609375 0.35857421875 0.628513671875 0.3570592447916667 0.6271513671875 0.3728098958333333
30 0.6260205078125 0.38976822916666665 0.66370556640625 0.39037434895833334 0.663478515625 0.3755325520833333 0.62738232421875 0.37401822916666666 0.6260205078125 0.38976822916666665
30 0.62534326171875 0.40702994791666663 0.6630283203125 0.4076354166666667 0.66280126953125 0.39279361979166666 0.626705078125 0.391279296875 0.62534326171875 0.40702994791666663
30 0.624666015625 0.4245944010416667 0.66235107421875 0.42519986979166663 0.6621240234375 0.41035807291666665 0.6260283203125 0.40884375 0.624666015625 0.4245944010416667
30 0.6646328125 0.3730911458333333 0.7068271484375 0.37372591145833334 0.70728125 0.35918684895833336 0.66599462890625 0.3573404947916667 0.6646328125 0.3730911458333333
30 0.6666796875 0.355822265625 0.7088740234375 0.3564576822916667 0.709328125 0.34191861979166666 0.6680419921875 0.34007161458333335 0.6666796875 0.355822265625
30 0.6664404296875 0.39281119791666663 0.680111328125 0.39331380208333333 0.68020556640625 0.388408203125 0.685296875 0.3879049479166667 0.707736328125 0.3823697916666667 0.7075478515625 0.37721223958333333 0.6661103515625 0.37625260416666667 0.6664404296875 0.39281119791666663
30 0.66587451171875 0.4097936197916667 0.679451171875 0.4110514322916667 0.679734375 0.39394335937499997 0.66653466796875 0.394166015625 0.66587451171875 0.4097936197916667
30 0.6662119140625 0.425958984375 0.67987548828125 0.4261875 0.6800712890625 0.41010872395833337 0.6668720703125 0.41033203125 0.6662119140625 0.425958984375
30 0.6667705078125 0.43851171875 0.68006396484375 0.43901497395833333 0.680314453125 0.42690364583333335 0.66711474609375 0.427126953125 0.6667705078125 0.43851171875
30 0.771234375 0.2961015625 0.7909384765625 0.2962942708333333 0.79068505859375 0.28095507812500004 0.77082568359375 0.28151692708333337 0.771234375 0.2961015625
30 0.7689248046875 0.3115345052083333 0.78862841796875 0.31172721354166666 0.78837548828125 0.2963880208333333 0.76851611328125 0.29694921874999997 0.7689248046875 0.3115345052083333
30 0.7891025390625 0.3116276041666667 0.80709912109375 0.3118268229166667 0.80746044921875 0.29745247395833335 0.78869384765625 0.29704231770833334 0.7891025390625 0.3116276041666667
30 0.786720703125 0.32648177083333335 0.804716796875 0.3266809895833333 0.80507861328125 0.31230598958333333 0.78631201171875 0.311896484375 0.786720703125 0.32648177083333335
30 0.7661728515625 0.32585091145833334 0.78454736328125 0.326484375 0.78490869140625 0.31211002604166665 0.7660283203125 0.3120546875 0.7661728515625 0.32585091145833334
30 0.76387939453125 0.34123567708333336 0.7818759765625 0.3414348958333333 0.7822373046875 0.32705989583333334 0.763470703125 0.326650390625 0.76387939453125 0.34123567708333336
30 0.7843466796875 0.34094270833333334 0.80234326171875 0.34114192708333335 0.80270458984375 0.326767578125 0.78393798828125 0.326357421875 0.7843466796875 0.34094270833333334
30 0.8157724609375 0.31320182291666665 0.8692861328125 0.315037109375 0.8700361328125 0.29084765625000003 0.85787939453125 0.29054557291666666 0.81659326171875 0.28869921875 0.8157724609375 0.31320182291666665
30 0.8177861328125 0.3389010416666667 0.8712998046875 0.340736328125 0.8720498046875 0.316546875 0.85989306640625 0.3162454427083333 0.81860693359375 0.3143984375 0.8177861328125 0.3389010416666667
30 0.817267578125 0.3647317708333333 0.87084375 0.36783984374999995 0.87159423828125 0.34365039062499997 0.8594375 0.3433483072916667 0.81815087890625 0.34150195312500004 0.817267578125 0.3647317708333333
30 0.8157646484375 0.38910416666666664 0.8692783203125 0.39093945312499995 0.87002880859375 0.36674999999999996 0.8578720703125 0.36644856770833334 0.81658544921875 0.36460156250000003 0.8157646484375 0.38910416666666664
30 0.81654345703125 0.4181119791666667 0.8700576171875 0.419947265625 0.8708076171875 0.39575781250000003 0.85865087890625 0.39545638020833335 0.81736474609375 0.393609375 0.81654345703125 0.4181119791666667
30 0.81667138671875 0.4427760416666667 0.87018505859375 0.44461067708333335 0.870935546875 0.420421875 0.8587783203125 0.42011979166666663 0.8174921875 0.41827343749999996 0.81667138671875 0.4427760416666667
30 0.75422802734375 0.37006119791666664 0.80632373046875 0.3830071614583333 0.80909619140625 0.3592727864583333 0.79650537109375 0.35526627604166666 0.7572314453125 0.34632682291666667 0.75422802734375 0.37006119791666664
30 0.75407958984375 0.41445052083333334 0.80759326171875 0.41628515625 0.80834326171875 0.39209635416666666 0.7961865234375 0.39179427083333335 0.754900390625 0.38994791666666667 0.75407958984375 0.41445052083333334
30 0.75234521484375 0.4390416666666667 0.80585888671875 0.440876953125 0.80660888671875 0.41668750000000004 0.7944521484375 0.4163860677083333 0.753166015625 0.4145390625 0.75234521484375 0.4390416666666667
30 0.74512060546875 0.32486263020833334 0.757673828125 0.3256354166666667 0.76201904296875 0.305666015625 0.746810546875 0.304234375 0.74512060546875 0.32486263020833334
30 0.7446376953125 0.34856835937499997 0.75728759765625 0.341224609375 0.76059619140625 0.32642513020833336 0.7453876953125 0.324994140625 0.7446376953125 0.34856835937499997