30 0.265625 0.28888888888888886 0.30390625 0.29583333333333334 0.39375 0.2875 0.4046875 0.28194444444444444 0.4 0.13194444444444445 0.3453125 0.13055555555555556 0.290625 0.14444444444444443 0.27578125 0.1375 0.26015625 0.15 0.25546875 0.19166666666666668 0.265625 0.28888888888888886
30 0.396875 0.2125 0.40546875 0.23472222222222222 0.40546875 0.2652777777777778 0.409375 0.2833333333333333 0.5328125 0.28194444444444444 0.54140625 0.2777777777777778 0.5375 0.12777777777777777 0.4046875 0.125 0.4015625 0.13055555555555556 0.403125 0.19722222222222222 0.396875 0.2125
30 0.546875 0.2847222222222222 0.63359375 0.2763888888888889 0.66484375 0.26805555555555555 0.6671875 0.25416666666666665 0.6640625 0.22777777777777777 0.671875 0.14027777777777778 0.6640625 0.125 0.5421875 0.12361111111111112 0.54296875 0.2611111111111111 0.546875 0.2847222222222222
30 0.66640625 0.22361111111111112 0.67109375 0.24722222222222223 0.678125 0.2625 0.8078125 0.26805555555555555 0.80625 0.21944444444444444 0.7984375 0.16805555555555557 0.79765625 0.1361111111111111 0.79296875 0.12222222222222222 0.76640625 0.11388888888888889 0.67890625 0.1125 0.6734375 0.11944444444444445 0.6734375 0.1763888888888889 0.66640625 0.22361111111111112
30 0.271875 0.4152777777777778 0.26796875 0.41805555555555557 0.26875 0.4305555555555556 0.2734375 0.44166666666666665 0.32109375 0.44722222222222224 0.40546875 0.43472222222222223 0.4015625 0.2916666666666667 0.29765625 0.30416666666666664 0.2640625 0.3 0.26328125 0.3055555555555556 0.26640625 0.3902777777777778 0.271875 0.4152777777777778
30 0.41171875 0.4361111111111111 0.53203125 0.43472222222222223 0.540625 0.4305555555555556 0.54375 0.4083333333333333 0.54375 0.32083333333333336 0.540625 0.2902777777777778 0.52734375 0.2861111111111111 0.4421875 0.2861111111111111 0.41328125 0.2875 0.40859375 0.29305555555555557 0.4078125 0.35833333333333334 0.41171875 0.4361111111111111
30 0.671875 0.41805555555555557 0.66796875 0.4111111111111111 0.66953125 0.4027777777777778 0.67578125 0.3958333333333333 0.6734375 0.3875 0.675 0.3375 0.671875 0.2791666666666667 0.5453125 0.28888888888888886 0.546875 0.4305555555555556 0.671875 0.41805555555555557
30 0.68125 0.4013888888888889 0.6875 0.4111111111111111 0.8 0.41388888888888886 0.8171875 0.4041666666666667 0.8171875 0.3236111111111111 0.81015625 0.31666666666666665 0.81328125 0.2972222222222222 0.80390625 0.275 0.690625 0.26805555555555555 0.68125 0.2875 0.6796875 0.3888888888888889 0.68125 0.4013888888888889
30 0.278125 0.5416666666666666 0.27734375 0.5805555555555556 0.284375 0.5916666666666667 0.35703125 0.5944444444444444 0.36171875 0.5902777777777778 0.40546875 0.5875 0.41015625 0.5805555555555556 0.40859375 0.4527777777777778 0.40546875 0.44583333333333336 0.2703125 0.4527777777777778 0.27109375 0.49722222222222223 0.278125 0.5416666666666666
30 0.503125 0.5805555555555556 0.54609375 0.5833333333333334 0.546875 0.4527777777777778 0.54375 0.44166666666666665 0.44375 0.44027777777777777 0.4140625 0.44166666666666665 0.41171875 0.44722222222222224 0.4140625 0.5861111111111111 0.503125 0.5805555555555556
30 0.65 0.5708333333333333 0.671875 0.5736111111111111 0.67734375 0.5694444444444444 0.68046875 0.49722222222222223 0.67890625 0.42916666666666664 0.55 0.4375 0.55 0.5805555555555556 0.65 0.5708333333333333
30 0.684375 0.5597222222222222 0.81171875 0.5569444444444445 0.81875 0.4597222222222222 0.8171875 0.41805555555555557 0.7171875 0.41388888888888886 0.68984375 0.41805555555555557 0.68515625 0.425 0.68203125 0.45416666666666666 0.68125 0.5458333333333333 0.684375 0.5597222222222222
30 0.27890625 0.7388888888888889 0.3546875 0.7388888888888889 0.40859375 0.7347222222222223 0.41328125 0.7305555555555555 0.41171875 0.6 0.40859375 0.5916666666666667 0.36171875 0.6 0.28125 0.5986111111111111 0.27265625 0.6041666666666666 0.27265625 0.65 0.27890625 0.7388888888888889
30 0.41796875 0.7319444444444444 0.51380234375 0.7222222222222222 0.54375 0.725 0.546875 0.7194444444444444 0.54765625 0.6194444444444445 0.5453125 0.5902777777777778 0.4765625 0.5847222222222223 0.4140625 0.5944444444444444 0.41328125 0.6416666666666667 0.41796875 0.7319444444444444
30 0.553125 0.7222222222222222 0.60078125 0.7152777777777778 0.671875 0.7152777777777778 0.678125 0.7083333333333334 0.678125 0.5791666666666667 0.61328125 0.5777777777777777 0.55078125 0.5888888888888889 0.55078125 0.7166666666666667 0.553125 0.7222222222222222
30 0.68203125 0.6888888888888889 0.68515625 0.7041666666666667 0.76484375 0.6916666666666667 0.790625 0.6916666666666667 0.8 0.7027777777777777 0.80703125 0.6902777777777778 0.81484375 0.6361111111111111 0.81171875 0.6069444444444444 0.8125 0.5638888888888889 0.76875 0.5597222222222222 0.6890625 0.5625 0.684375 0.5708333333333333 0.68359375 0.6041666666666666 0.68515625 0.6402777777777777 0.68203125 0.6888888888888889
30 0.28671875 0.7847222222222222 0.2859375 0.8333333333333334 0.28984375 0.8680555555555556 0.29921875 0.8722222222222222 0.30703125 0.8680555555555556 0.35546875 0.8722222222222222 0.41796875 0.8652777777777778 0.41484375 0.7375 0.2859375 0.7458333333333333 0.28203125 0.7513888888888889 0.28671875 0.7847222222222222
30 0.4234375 0.8722222222222222 0.46640625 0.8611111111111112 0.54921875 0.8583333333333333 0.546875 0.7305555555555555 0.48125 0.7277777777777777 0.41953125 0.7361111111111112 0.42109375 0.8680555555555556 0.4234375 0.8722222222222222
30 0.553125 0.8569444444444444 0.5890625 0.8472222222222222 0.675 0.8416666666666667 0.67734375 0.7166666666666667 0.59765625 0.7180555555555556 0.55234375 0.7277777777777777 0.55078125 0.8375 0.553125 0.8569444444444444
30 0.68203125 0.8388888888888889 0.7140625 0.825 0.78984375 0.8138888888888889 0.796875 0.8069444444444445 0.803125 0.7013888888888888 0.7953125 0.7013888888888888 0.7890625 0.6944444444444444 0.709375 0.7 0.6859375 0.7055555555555556 0.6796875 0.7166666666666667 0.67890625 0.8347222222222223 0.68203125 0.8388888888888889