14 0.21675531914893617 0.28775 0.262854609929078 0.292 0.2650709219858156 0.28975 0.26640070921985815 0.284 0.26684397163120566 0.27375 0.26063829787234044 0.26875 0.24822695035460993 0.26575 0.2296099290780142 0.265 0.21675531914893617 0.26825 0.2149822695035461 0.2725 0.21453900709219859 0.28075 0.21675531914893617 0.28775
14 0.20966312056737588 0.3205 0.250886524822695 0.32025 0.2553191489361702 0.3185 0.2575354609929078 0.2955 0.25443262411347517 0.29175 0.2398049645390071 0.2895 0.2198581560283688 0.289 0.20921985815602837 0.2915 0.20700354609929078 0.29375 0.20611702127659576 0.31625 0.20966312056737588 0.3205
14 0.2833785460992908 0.28260399999999997 0.28842464539007096 0.27900675 0.32056028368794326 0.278557 0.32082579787234045 0.256673 0.3163107269503546 0.25472425 0.2932052304964539 0.25157675 0.2698337765957447 0.255324 0.2687712765957447 0.29189725 0.28364406028368794 0.28946825000000004 0.2833785460992908 0.28260399999999997
14 0.2687712765957447 0.3205265 0.28258156028368797 0.32082625000000004 0.28444060283687944 0.2900985 0.27434840425531914 0.28994875000000003 0.26850576241134755 0.292614 0.2687712765957447 0.3205265
14 0.33782313829787236 0.319777 0.338354609929078 0.2820045 0.31073359929078015 0.27840725 0.28656560283687943 0.28005599999999997 0.2823160460992908 0.28395299999999996 0.2828470744680851 0.319576 0.3125926418439716 0.317079 0.33782313829787236 0.319777
14 0.3702247340425532 0.27690825 0.3784574468085106 0.27810725000000003 0.3747393617021277 0.255324 0.3516334219858156 0.2505275 0.3311835106382979 0.252476 0.3229503546099291 0.255174 0.3254734042553192 0.27980675000000005 0.34791533687943266 0.27795749999999997 0.3702247340425532 0.27690825
14 0.43351063829787234 0.275 0.4352836879432624 0.2765 0.4423758865248227 0.27725 0.44902482269503546 0.27975 0.46365248226950356 0.27825 0.4787234042553192 0.2785 0.4804964539007092 0.276 0.4800531914893617 0.25675 0.4773936170212766 0.251 0.46099290780141844 0.2485 0.44725177304964536 0.249 0.436613475177305 0.2515 0.4326241134751773 0.255 0.4317375886524823 0.26425 0.43351063829787234 0.275
14 0.3798758865248227 0.27725 0.3967198581560284 0.2785 0.42686170212765956 0.2755 0.42907801418439717 0.2585 0.4250886524822695 0.25375 0.4157801418439716 0.25075 0.3958333333333333 0.2495 0.3816489361702128 0.25175 0.37810283687943264 0.25475 0.37810283687943264 0.27525 0.3798758865248227 0.27725
14 0.3408687943262411 0.319 0.34352836879432624 0.3195 0.35726950354609927 0.318 0.3887411347517731 0.319 0.39273049645390073 0.31825 0.3945035460992908 0.31525 0.3949468085106383 0.29275 0.39406028368794327 0.28625 0.3882978723404255 0.27975 0.3745567375886525 0.2775 0.35062056737588654 0.2785 0.34175531914893614 0.28025 0.3395390070921986 0.285 0.3390957446808511 0.308 0.3408687943262411 0.319
14 0.40558510638297873 0.31825 0.42065602836879434 0.31675 0.43882978723404253 0.31875 0.4499113475177305 0.31775 0.4512411347517731 0.31625 0.4516843971631206 0.28725 0.44902482269503546 0.2815 0.4423758865248227 0.27875 0.42863475177304966 0.27675 0.3953900709219858 0.27925 0.3980496453900709 0.3175 0.40558510638297873 0.31825
14 0.45390070921985815 0.3155 0.45611702127659576 0.31725 0.4596631205673759 0.31775 0.4769503546099291 0.31625 0.4791666666666667 0.31525 0.4800531914893617 0.31075 0.4801764184397163 0.28859975 0.47725487588652477 0.2862015 0.471146719858156 0.28635125 0.4586640070921986 0.28515225 0.4525558510638298 0.28560199999999997 0.4521276595744681 0.30875 0.45390070921985815 0.3155
14 0.8754432624113475 0.3055 0.8776595744680851 0.30925 0.8914007092198581 0.31 0.9024822695035462 0.308 0.9091312056737588 0.30925 0.9242021276595744 0.3075 0.9437056737588653 0.30725 0.9459219858156028 0.3035 0.9414893617021277 0.26775 0.9375 0.264 0.9259751773049646 0.261 0.9064716312056738 0.26075 0.8967198581560284 0.26175 0.8900709219858156 0.264 0.8865248226950354 0.26325 0.8754432624113475 0.26575 0.8736702127659575 0.268 0.87322695035461 0.28675 0.8754432624113475 0.3055
14 0.8045212765957447 0.30475 0.8071808510638298 0.31125 0.8408687943262412 0.31125 0.8554964539007093 0.308 0.863031914893617 0.30825 0.87322695035461 0.30675 0.8745567375886525 0.30375 0.8705673758865248 0.2695 0.8679078014184397 0.2655 0.8648049645390071 0.26375 0.8453014184397163 0.26225 0.8426418439716312 0.263 0.8293439716312057 0.26275 0.8151595744680851 0.26525 0.8023049645390071 0.27175 0.8014184397163121 0.27925 0.8045212765957447 0.30475
14 0.7313829787234043 0.3065 0.7344858156028369 0.31125 0.7367021276595744 0.312 0.7406914893617021 0.31125 0.7522163120567376 0.31175 0.7655141843971631 0.311 0.7695035460992907 0.3095 0.7783687943262412 0.31125 0.8023049645390071 0.3105 0.8023049645390071 0.293 0.7992021276595744 0.27225 0.7894503546099291 0.26575 0.7761524822695035 0.2645 0.7579787234042553 0.26575 0.7349290780141844 0.27175 0.7309397163120568 0.27525 0.7296099290780141 0.29125 0.7313829787234043 0.3065
14 0.6679964539007093 0.314 0.6821808510638298 0.31475 0.7065602836879432 0.31425 0.7211879432624113 0.31175 0.7225177304964538 0.3095 0.7220744680851063 0.292 0.7207446808510638 0.2875 0.7180851063829787 0.2855 0.7039007092198581 0.28275 0.6879432624113475 0.28225 0.6657801418439716 0.2865 0.6657801418439716 0.30775 0.6679964539007093 0.314
14 0.7229609929078015 0.261 0.7309397163120568 0.272 0.7548758865248227 0.26575 0.774822695035461 0.26375 0.7832446808510638 0.26425 0.7863475177304965 0.2625 0.7836879432624113 0.24225 0.7819148936170213 0.23975 0.776595744680851 0.23725 0.7593085106382979 0.235 0.74822695035461 0.23575 0.7349290780141844 0.23775 0.725177304964539 0.2415 0.7207446808510638 0.24475 0.7203014184397163 0.25075 0.7229609929078015 0.261
14 0.7890070921985816 0.2625 0.7912234042553191 0.266 0.8000886524822695 0.27 0.8036347517730497 0.27 0.8129432624113475 0.2645 0.8289007092198581 0.262 0.8333333333333334 0.26025 0.8342198581560284 0.24375 0.8311170212765957 0.2325 0.8085106382978723 0.23425 0.7929964539007093 0.23875 0.787677304964539 0.24375 0.7872340425531915 0.25375 0.7890070921985816 0.2625
14 0.8351063829787234 0.25875 0.837322695035461 0.2605 0.8417553191489362 0.26 0.8661347517730497 0.263 0.8723404255319149 0.262 0.8772163120567376 0.263 0.8914007092198581 0.262 0.8927304964539007 0.261 0.9033687943262412 0.25925 0.9029255319148937 0.22375 0.900709219858156 0.2205 0.8971631205673759 0.2185 0.87677304964539 0.2155 0.8581560283687943 0.21675 0.8417553191489362 0.221 0.8377659574468085 0.22275 0.8337765957446809 0.227 0.8342198581560284 0.2515 0.8351063829787234 0.25875