7 0.5465494791666666 0.40894607843137254 0.5555013020833334 0.41041666666666665 0.5872395833333334 0.4144607843137255 0.6302083333333334 0.4158088235294118 0.6648763020833334 0.4161764705882353 0.6682942708333334 0.4149509803921569 0.669921875 0.4111519607843137 0.6717122395833334 0.39742647058823527 0.66796875 0.39620098039215684 0.6168619791666666 0.3922794117647059 0.5509440104166666 0.3889705882352941 0.5470377604166666 0.3894607843137255 0.5460611979166666 0.39044117647058824 0.5457356770833334 0.39252450980392156 0.54443359375 0.40784313725490196 0.5465494791666666 0.40894607843137254
7 0.5398763020833334 0.4294117647058823 0.5421549479166666 0.4302696078431373 0.5680338541666666 0.4329656862745098 0.6095377604166666 0.43308823529411766 0.6302083333333334 0.43247549019607845 0.6354166666666666 0.4306372549019608 0.6714596354166668 0.4293182598039216 0.6739689127604166 0.4206216911764706 0.6734669596354167 0.41684056372549017 0.63720703125 0.41776960784313727 0.61279296875 0.41507352941176473 0.5470377604166666 0.40955882352941175 0.54345703125 0.4099264705882353 0.5398763020833334 0.4149509803921569 0.53955078125 0.4279411764705882 0.5398763020833334 0.4294117647058823
7 0.5403645833333334 0.4496323529411765 0.54638671875 0.4513480392156863 0.5738932291666666 0.4547794117647059 0.6516927083333334 0.4553921568627451 0.6578776041666666 0.4540441176470588 0.66162109375 0.45073529411764707 0.6652018229166666 0.4465686274509804 0.6671549479166666 0.43933823529411764 0.666015625 0.43615196078431373 0.6647135416666666 0.43480392156862746 0.5455729166666666 0.42990196078431375 0.5411783854166666 0.43051470588235297 0.5397135416666666 0.43223039215686276 0.5390625 0.44375 0.5403645833333334 0.4496323529411765
7 0.5328776041666666 0.4704656862745098 0.5537109375 0.4727941176470588 0.5677083333333334 0.4736519607843137 0.5919596354166666 0.47377450980392155 0.6193033854166666 0.46862745098039216 0.623046875 0.46691176470588236 0.6223958333333334 0.4627450980392157 0.611328125 0.4577205882352941 0.53662109375 0.4506127450980392 0.5330403645833334 0.4513480392156863 0.5323893229166666 0.4522058823529412 0.5294596354166666 0.46262254901960786 0.5304361979166666 0.4681372549019608 0.5328776041666666 0.4704656862745098
7 0.5294596354166666 0.4855392156862745 0.5328776041666666 0.4870098039215686 0.564453125 0.49031862745098037 0.5887044270833334 0.48823529411764705 0.591796875 0.48713235294117646 0.5929361979166666 0.4846813725490196 0.5935872395833334 0.47230392156862744 0.59326171875 0.4704656862745098 0.5919596354166666 0.4699754901960784 0.53271484375 0.46740196078431373 0.5305989583333334 0.46924019607843137 0.5284830729166666 0.4736519607843137 0.52880859375 0.4844362745098039 0.5294596354166666 0.4855392156862745
7 0.52685546875 0.5051470588235294 0.5291341145833334 0.506985294117647 0.5496419270833334 0.5104166666666666 0.5607096354166666 0.5104166666666666 0.5745442708333334 0.5095588235294117 0.58154296875 0.5090686274509804 0.58837890625 0.5066176470588235 0.5904947916666666 0.5017156862745098 0.5924479166666666 0.49031862745098037 0.5919596354166666 0.4887254901960784 0.5887044270833334 0.4870098039215686 0.5294596354166666 0.48541666666666666 0.5271809895833334 0.48995098039215684 0.5263671875 0.49473039215686276 0.5262044270833334 0.5018382352941176 0.52685546875 0.5051470588235294
7 0.525390625 0.522671568627451 0.5328776041666666 0.5264705882352941 0.5537109375 0.528921568627451 0.5813802083333334 0.529656862745098 0.5843098958333334 0.5281862745098039 0.5861002604166666 0.5264705882352941 0.58837890625 0.5079656862745098 0.529296875 0.5053921568627451 0.52734375 0.5064950980392157 0.52587890625 0.5087009803921568 0.5244140625 0.515563725490196 0.525390625 0.522671568627451
7 0.62646484375 0.47181372549019607 0.6474609375 0.47794117647058826 0.65087890625 0.47843137254901963 0.6544596354166666 0.47818627450980394 0.6593424479166666 0.4741421568627451 0.6650390625 0.46691176470588236 0.666015625 0.46348039215686276 0.6648763020833334 0.4621323529411765 0.658203125 0.45906862745098037 0.6336263020833334 0.45612745098039215 0.6300455729166666 0.45674019607843136 0.6266276041666666 0.45845588235294116 0.625 0.4633578431372549 0.6248372395833334 0.4698529411764706 0.62646484375 0.47181372549019607
7 0.6188855794270833 0.488284681372549 0.6225791015625001 0.4740606617647059 0.5965185546875 0.471546568627451 0.5946718750000001 0.4861200980392157 0.6188855794270833 0.488284681372549
7 0.6192958984375 0.4887485294117647 0.6515123697916666 0.49307757352941173 0.6537696940104166 0.4790080882352941 0.6223738606770833 0.4745593137254902 0.6192958984375 0.4887485294117647
7 0.5903626302083333 0.501117156862745 0.6186803385416667 0.5051370098039215 0.6215530598958333 0.48967610294117647 0.5934405924479167 0.4868424019607843 0.5903626302083333 0.501117156862745
7 0.6180647786458333 0.505197181372549 0.591388671875 0.5016411764705883 0.5879002278645834 0.5162754901960784 0.6158074544270834 0.5203488970588235 0.6180647786458333 0.505197181372549
7 0.58564306640625 0.5290069852941177 0.6127294921875001 0.5362735294117648 0.6141658528645834 0.5206580882352941 0.58728466796875 0.5167389705882353 0.58564306640625 0.5290069852941177
7 0.6141658528645834 0.5356551470588236 0.6420732421875001 0.5409117647058824 0.6441251627604166 0.5265332107843138 0.6149866536458334 0.5195200980392156 0.6141658528645834 0.5356551470588236
7 0.6153971354166666 0.5201942401960784 0.6451512044270834 0.5263785539215686 0.6472032877604167 0.5093716911764706 0.61837255859375 0.5051512254901961 0.6153971354166666 0.5201942401960784
7 0.6186803385416667 0.505197181372549 0.64781884765625 0.5095262254901961 0.64946044921875 0.4939107843137255 0.6214505208333333 0.48939178921568627 0.6186803385416667 0.505197181372549
30 0.48270279947916667 0.33267450980392155 0.49660286458333336 0.3338200980392157 0.49312792968749997 0.26312696078431375 0.47857617187499996 0.26671838235294115 0.48270279947916667 0.33267450980392155
30 0.49486539713541666 0.3330018382352941 0.5081139322916667 0.33152904411764705 0.50529052734375 0.2619814950980392 0.49356217447916667 0.2637748774509804 0.49486539713541666 0.3330018382352941
30 0.5061591796875 0.3308745098039216 0.5244031575520833 0.3320199754901961 0.521796875 0.2605087009803922 0.5062677408854167 0.26303897058823533 0.5061591796875 0.3308745098039216
30 0.5257062174479167 0.3308745098039216 0.5419954427083333 0.3294017156862745 0.5409095052083334 0.25690870098039215 0.52320849609375 0.2598501225490196 0.5257062174479167 0.3308745098039216
30 0.5696614583333334 0.20183823529411765 0.57080078125 0.20232843137254902 0.578125 0.2017156862745098 0.5865885416666666 0.2002450980392157 0.58837890625 0.1993872549019608 0.58984375 0.19620098039215686 0.58984375 0.1821078431372549 0.58837890625 0.17990196078431372 0.57470703125 0.18394607843137256 0.5711263020833334 0.18700980392156863 0.5691731770833334 0.19693627450980392 0.5690104166666666 0.20061274509803922 0.5696614583333334 0.20183823529411765
30 0.5919596354166666 0.21776960784313726 0.5953776041666666 0.21678921568627452 0.6082356770833334 0.21004901960784314 0.6105143229166666 0.20710784313725492 0.6124674479166666 0.20245098039215687 0.6134440104166666 0.1931372549019608 0.61279296875 0.19031862745098038 0.5927734375 0.19705882352941176 0.5909830729166666 0.19963235294117648 0.58984375 0.20698529411764705 0.5900065104166666 0.2142156862745098 0.5919596354166666 0.21776960784313726
30 0.6160481770833334 0.20870098039215687 0.6287434895833334 0.20563725490196078 0.6334635416666666 0.20330882352941176 0.6350911458333334 0.19963235294117648 0.6355794270833334 0.18884803921568627 0.6344401041666666 0.1868872549019608 0.6331380208333334 0.18615196078431373 0.6298828125 0.18615196078431373 0.6163736979166666 0.18909313725490196 0.6142578125 0.1928921568627451 0.6134440104166666 0.20061274509803922 0.6134440104166666 0.20625 0.6160481770833334 0.20870098039215687
30 0.5908203125 0.19607843137254902 0.5919596354166666 0.19730392156862744 0.61279296875 0.19129901960784312 0.6136067708333334 0.18786764705882353 0.6136067708333334 0.1756127450980392 0.6126302083333334 0.17316176470588235 0.60888671875 0.17279411764705882 0.5953776041666666 0.175 0.59130859375 0.1792892156862745 0.59033203125 0.18174019607843137 0.5901692708333334 0.19362745098039216 0.5908203125 0.19607843137254902
5 0.4231770833333333 0.4102941176470588 0.42529296875 0.41127450980392155 0.42822265625 0.410906862745098 0.43212890625 0.4113970588235294 0.4352213541666667 0.41041666666666665 0.4391276041666667 0.4100490196078431 0.4417317708333333 0.4090686274509804 0.4435221354166667 0.4090686274509804 0.4495442708333333 0.410906862745098 0.46044921875 0.41017156862745097 0.4635416666666667 0.4111519607843137 0.4676106770833333 0.410906862745098 0.4700520833333333 0.4120098039215686 0.4744466145833333 0.4117647058823529 0.484375 0.41274509803921566 0.48779296875 0.414093137254902 0.4913736979166667 0.4143382352941177 0.49462890625 0.41568627450980394 0.5009765625 0.414093137254902 0.5056966145833334 0.4144607843137255 0.5084635416666666 0.4134803921568627 0.5107421875 0.41384803921568625 0.515625 0.41605392156862747 0.5185546875 0.414093137254902 0.5222981770833334 0.41299019607843135 0.52978515625 0.4126225490196078 0.5338541666666666 0.403921568627451 0.53466796875 0.3971813725490196 0.53369140625 0.3939950980392157 0.5328776041666666 0.39338235294117646 0.51025390625 0.3935049019607843 0.5052083333333334 0.3928921568627451 0.4910481770833333 0.39252450980392156 0.4775390625 0.39105392156862745 0.4723307291666667 0.3915441176470588 0.4703776041666667 0.39080882352941176 0.4674479166666667 0.39166666666666666 0.4632161458333333 0.3915441176470588 0.4586588541666667 0.3905637254901961 0.4493815104166667 0.389828431372549 0.4420572916666667 0.3903186274509804 0.4288736979166667 0.3924019607843137 0.42529296875 0.39215686274509803 0.4231770833333333 0.3941176470588235 0.42138671875 0.4024509803921569 0.4217122395833333 0.40845588235294117 0.4231770833333333 0.4102941176470588
5 0.4217122395833333 0.4261029411764706 0.4288736979166667 0.4258578431372549 0.4358723958333333 0.4264705882352941 0.43896484375 0.42573529411764705 0.4431966145833333 0.4264705882352941 0.4660916341145833 0.42573529411764705 0.4710286458333333 0.42769607843137253 0.4728190104166667 0.4264705882352941 0.47509765625 0.41997549019607844 0.4767252604166667 0.41875 0.4786783854166667 0.41825980392156864 0.4812825520833333 0.41482843137254904 0.4773763020833333 0.4125 0.4718424479166667 0.4102941176470588 0.4669596354166667 0.40955882352941175 0.4596354166666667 0.40931372549019607 0.4488932291666667 0.40980392156862744 0.4451497395833333 0.4091911764705882 0.4345703125 0.4099264705882353 0.42578125 0.41127450980392155 0.4231770833333333 0.4126225490196078 0.4215494791666667 0.41568627450980394 0.4207356770833333 0.4215686274509804 0.4205729166666667 0.4252450980392157 0.4217122395833333 0.4261029411764706
5 0.4169921875 0.4432598039215686 0.4189453125 0.4457107843137255 0.4215494791666667 0.4465686274509804 0.42822265625 0.44424019607843135 0.4293619791666667 0.4426470588235294 0.4318033854166667 0.4417892156862745 0.4425455729166667 0.44105392156862744 0.4456380208333333 0.4404411764705882 0.4601236979166667 0.44080882352941175 0.4632161458333333 0.44166666666666665 0.4703776041666667 0.4415441176470588 0.4763997395833333 0.4430147058823529 0.47998046875 0.44276960784313724 0.4806315104166667 0.4426470588235294 0.4814453125 0.44080882352941175 0.4845377604166667 0.44056372549019607 0.48583984375 0.439828431372549 0.4874674479166667 0.4357843137254902 0.4842122395833333 0.43480392156862746 0.4773763020833333 0.43480392156862746 0.474609375 0.432843137254902 0.4737955729166667 0.43137254901960786 0.4737955729166667 0.42806372549019606 0.4718424479166667 0.42720588235294116 0.4703776041666667 0.4256127450980392 0.4386393229166667 0.42806372549019606 0.4329427083333333 0.427328431372549 0.4217122395833333 0.427328431372549 0.4195963541666667 0.42892156862745096 0.41748046875 0.4321078431372549 0.4169921875 0.43419117647058825 0.4161783854166667 0.4392156862745098 0.4169921875 0.4432598039215686
5 0.4182942708333333 0.45674019607843136 0.4326171875 0.45698529411764705 0.4422200520833333 0.45906862745098037 0.4451497395833333 0.45845588235294116 0.44921875 0.45894607843137253 0.4521484375 0.458578431372549 0.45654296875 0.4588235294117647 0.4593098958333333 0.45808823529411763 0.4630533854166667 0.45845588235294116 0.4669596354166667 0.45808823529411763 0.4689127604166667 0.4531862745098039 0.4703776041666667 0.4459558823529412 0.4669596354166667 0.4420343137254902 0.4630533854166667 0.4420343137254902 0.4560546875 0.44056372549019607 0.4459635416666667 0.4403186274509804 0.439453125 0.4415441176470588 0.4327799479166667 0.44166666666666665 0.4308268229166667 0.4415441176470588 0.4287109375 0.44056372549019607 0.42578125 0.44105392156862744 0.4182942708333333 0.4362745098039216 0.4186197916666667 0.4377450980392157 0.4166666666666667 0.44276960784313724 0.4158528645833333 0.44718137254901963 0.416015625 0.45330882352941176 0.4182942708333333 0.45674019607843136
5 0.4182942708333333 0.48590686274509803 0.4217122395833333 0.48676470588235293 0.4261067708333333 0.48676470588235293 0.4391276041666667 0.49019607843137253 0.4417317708333333 0.4889705882352941 0.4431966145833333 0.4889705882352941 0.4461263020833333 0.48995098039215684 0.4529622395833333 0.489828431372549 0.4596354166666667 0.4886029411764706 0.4632161458333333 0.48848039215686273 0.4656575520833333 0.4875 0.4669596354166667 0.4852941176470588 0.4677734375 0.4776960784313726 0.4669596354166667 0.47463235294117645 0.42529296875 0.47095588235294117 0.4187825520833333 0.4716911764705882 0.4176432291666667 0.47377450980392155 0.4171549479166667 0.47708333333333336 0.4169921875 0.4843137254901961 0.4182942708333333 0.48590686274509803
5 0.412109375 0.501593137254902 0.4150390625 0.5029411764705882 0.4230143229166667 0.5052696078431372 0.435546875 0.5077205882352941 0.4420572916666667 0.5082107843137255 0.44677734375 0.5079656862745098 0.4495442708333333 0.5088235294117647 0.4541015625 0.5089460784313725 0.4635416666666667 0.5084558823529411 0.4651692708333333 0.5061274509803921 0.46630859375 0.4910539215686274 0.4635416666666667 0.4870098039215686 0.46240234375 0.4881127450980392 0.4601236979166667 0.48909313725490194 0.4563802083333333 0.4887254901960784 0.4537760416666667 0.48970588235294116 0.4265950520833333 0.4846813725490196 0.4254557291666667 0.48370098039215687 0.423828125 0.4838235294117647 0.4228515625 0.4846813725490196 0.4212239583333333 0.4849264705882353 0.4182942708333333 0.4838235294117647 0.4148763020833333 0.48823529411764705 0.4137369791666667 0.492156862745098 0.4129231770833333 0.4993872549019608 0.412109375 0.501593137254902
5 0.4703776041666667 0.46017156862745096 0.47216796875 0.45821078431372547 0.4759114583333333 0.45759803921568626 0.4807942708333333 0.45808823529411763 0.484375 0.45992647058823527 0.48779296875 0.46017156862745096 0.490234375 0.4566176470588235 0.4912109375 0.4530637254901961 0.4899088541666667 0.4459558823529412 0.48779296875 0.4446078431372549 0.4798177083333333 0.4449754901960784 0.4736328125 0.4446078431372549 0.4708658854166667 0.4455882352941177 0.4700520833333333 0.44693627450980394 0.4697265625 0.45674019607843136 0.4703776041666667 0.46017156862745096
5 0.4899088541666667 0.4536764705882353 0.4912109375 0.45759803921568626 0.4934895833333333 0.45870098039215684 0.5006510416666666 0.4605392156862745 0.5016276041666666 0.4618872549019608 0.5050455729166666 0.460906862745098 0.5081380208333334 0.4496323529411765 0.5065104166666666 0.4432598039215686 0.5030924479166666 0.442156862745098 0.5011393229166666 0.442156862745098 0.4977213541666667 0.44313725490196076 0.49462890625 0.44276960784313724 0.4912109375 0.4443627450980392 0.4900716145833333 0.4459558823529412 0.4908854166666667 0.44987745098039217 0.4899088541666667 0.4536764705882353
5 0.47265625 0.47181372549019607 0.4762369791666667 0.47120098039215685 0.4793294270833333 0.47144607843137254 0.48193359375 0.4725490196078431 0.4842122395833333 0.4745098039215686 0.4853515625 0.47377450980392155 0.4864908854166667 0.47230392156862744 0.4884440104166667 0.4672794117647059 0.4884440104166667 0.4627450980392157 0.48779296875 0.460906862745098 0.4816080729166667 0.4615196078431373 0.4734700520833333 0.46115196078431375 0.4703776041666667 0.458578431372549 0.4690755208333333 0.4627450980392157 0.4703776041666667 0.4741421568627451 0.47265625 0.47181372549019607
5 0.4912109375 0.4713235294117647 0.4931640625 0.47095588235294117 0.5016276041666666 0.471078431372549 0.5035807291666666 0.46776960784313726 0.50439453125 0.4636029411764706 0.5030924479166666 0.4606617647058823 0.5016276041666666 0.46017156862745096 0.4943033854166667 0.4602941176470588 0.4912109375 0.45931372549019606 0.4894205729166667 0.4621323529411765 0.4892578125 0.4650735294117647 0.4912109375 0.4713235294117647
5 0.490234375 0.4870098039215686 0.4912109375 0.48762254901960783 0.4957682291666667 0.4875 0.498046875 0.4881127450980392 0.50146484375 0.4872549019607843 0.5029296875 0.4843137254901961 0.50341796875 0.47732843137254904 0.50341796875 0.47377450980392155 0.5016276041666666 0.47009803921568627 0.4982096354166667 0.4716911764705882 0.4952799479166667 0.4721813725490196 0.4915364583333333 0.4713235294117647 0.48974609375 0.47181372549019607 0.4884440104166667 0.47316176470588234 0.4873046875 0.4764705882352941 0.4871419270833333 0.4810049019607843 0.490234375 0.4870098039215686
5 0.4741599934895833 0.4833452205882353 0.4839208984375 0.4841392156862745 0.484375 0.48970588235294116 0.4864908854166667 0.4878676470588235 0.48779296875 0.48394607843137255 0.48583984375 0.4753676470588235 0.4853515625 0.4738970588235294 0.484375 0.473406862745098 0.4806315104166667 0.4738970588235294 0.4773763020833333 0.4727941176470588 0.4708658854166667 0.47438725490196076 0.4689127604166667 0.47732843137254904 0.4676106770833333 0.4814950980392157 0.4676106770833333 0.4877450980392157 0.4741599934895833 0.4833452205882353
5 0.4703776041666667 0.49901960784313726 0.4728732096354167 0.4991421568627451 0.4747721354166667 0.49987745098039216 0.4765625 0.5020833333333333 0.4798177083333333 0.5034313725490196 0.4807942708333333 0.5053921568627451 0.484375 0.5040441176470588 0.48583984375 0.5012254901960784 0.48681640625 0.4944852941176471 0.4856770833333333 0.4912990196078431 0.4842122395833333 0.48995098039215684 0.4739583333333333 0.4895833333333333 0.4720052083333333 0.48823529411764705 0.4703776041666667 0.48541666666666666 0.4679361979166667 0.4878676470588235 0.4669596354166667 0.49301470588235297 0.4669596354166667 0.49987745098039216 0.4703776041666667 0.49901960784313726
5 0.48486328125 0.4912990196078431 0.48779296875 0.4970588235294118 0.49462890625 0.49865196078431373 0.4982096354166667 0.5004901960784314 0.5013020833333334 0.49963235294117647 0.5022786458333334 0.4922794117647059 0.5016276041666666 0.48590686274509803 0.4933268229166667 0.4866421568627451 0.4894205729166667 0.4846813725490196 0.48779296875 0.4818627450980392 0.4871419270833333 0.4832107843137255 0.4864908854166667 0.48762254901960783 0.48486328125 0.4912990196078431
5 0.4734700520833333 0.5101715686274509 0.4773763020833333 0.5115196078431372 0.4816080729166667 0.5115196078431372 0.484375 0.510906862745098 0.4856770833333333 0.5087009803921568 0.484375 0.5036764705882353 0.4807942708333333 0.5035539215686274 0.4773763020833333 0.5018382352941176 0.47466357421875 0.5019607843137255 0.47314453125 0.5013480392156863 0.4710286458333333 0.49730392156862746 0.4703776041666667 0.4936274509803922 0.4669596354166667 0.4948529411764706 0.4659830729166667 0.4979166666666667 0.4661458333333333 0.5088235294117647 0.4734700520833333 0.5101715686274509
5 0.4853515625 0.5094362745098039 0.4876302083333333 0.5100490196078431 0.4949544270833333 0.5106617647058823 0.4982096354166667 0.5118872549019607 0.5011393229166666 0.5105392156862745 0.5026041666666666 0.5053921568627451 0.5016276041666666 0.49901960784313726 0.49755859375 0.49901960784313726 0.4949544270833333 0.4980392156862745 0.4908854166666667 0.4987745098039216 0.48779296875 0.49816176470588236 0.4853515625 0.5035539215686274 0.4842122395833333 0.5084558823529411 0.4853515625 0.5094362745098039
5 0.4912109375 0.44509803921568625 0.49560546875 0.44399509803921566 0.4977213541666667 0.442156862745098 0.5021158854166666 0.44252450980392155 0.5061848958333334 0.44191176470588234 0.5084635416666666 0.44019607843137254 0.5099283854166666 0.43590686274509804 0.5086263020833334 0.43333333333333335 0.505859375 0.4329656862745098 0.4912109375 0.4340686274509804 0.4895833333333333 0.4354166666666667 0.4900716145833333 0.44252450980392155 0.4912109375 0.44509803921568625
5 0.4757486979166667 0.4332107843137255 0.4773763020833333 0.43443627450980393 0.4811197916666667 0.4345588235294118 0.4850260416666667 0.43394607843137256 0.48779296875 0.435171568627451 0.4908854166666667 0.43357843137254903 0.4951171875 0.4334558823529412 0.5003255208333334 0.43223039215686276 0.5003255208333334 0.42169117647058824 0.4982096354166667 0.41776960784313727 0.4842122395833333 0.4181372549019608 0.4806315104166667 0.41875 0.4773763020833333 0.41740196078431374 0.474609375 0.42254901960784313 0.4749348958333333 0.43161764705882355 0.4757486979166667 0.4332107843137255
5 0.439865234375 0.4738174019607843 0.4694114583333333 0.47421433823529413 0.4675647786458333 0.4583345588235294 0.44144791666666666 0.45972401960784315 0.41919482421875 0.45544534313725493 0.41401220703124997 0.4684578431372549 0.439865234375 0.4738174019607843
5 0.53668212890625 0.4271704656862745 0.5401116536458334 0.41506200980392155 0.5207470703125 0.4158350490196078 0.5195348307291666 0.4259794117647059 0.53668212890625 0.4271704656862745
5 0.41928824869791664 0.41168762254901964 0.42192626953125 0.3950138480392157 0.39422281901041667 0.39302156862745097 0.39396289062499995 0.41009963235294117 0.41928824869791664 0.41168762254901964
5 0.41427587890625 0.4313388480392157 0.42139876302083334 0.41426801470588237 0.3945558268229166 0.4110718137254902 0.39290755208333333 0.4271704656862745 0.41427587890625 0.4313388480392157
5 0.4153312174479167 0.45019620098039215 0.4174415690104167 0.4323313725490196 0.39222509765625 0.42987414215686276 0.39264371744791665 0.4480126225490196 0.4153312174479167 0.45019620098039215
5 0.413220703125 0.4678623774509804 0.4153312174479167 0.44979914215686273 0.39222509765625 0.44842585784313727 0.39132470703125 0.46409093137254903 0.413220703125 0.4678623774509804
5 0.4169140625 0.48513174019607846 0.41796923828125004 0.47004595588235293 0.3902273763020833 0.46447046568627454 0.39026953124999997 0.4807647058823529 0.4169140625 0.48513174019607846
5 0.4153312174479167 0.5047829656862746 0.41559488932291666 0.48572720588235296 0.3888955078125 0.4822700980392157 0.3881590169270834 0.5014085784313725 0.4153312174479167 0.5047829656862746
30 0.6770694986979167 0.18183002450980393 0.6624111328125 0.18492242647058824 0.6618247070312501 0.2106939950980392 0.6741376953125 0.20899914215686274 0.6770694986979167 0.18183002450980393
30 0.6934868164062501 0.17839534313725489 0.6791215820312501 0.18038333333333334 0.6758968098958333 0.20870735294117645 0.6911414388020832 0.20556446078431373 0.6934868164062501 0.17839534313725489
30 0.6715634765625 0.23634730392156864 0.6864003906249999 0.23301323529411763 0.6910857747395833 0.2063408088235294 0.67468701171875 0.21058860294117648 0.6715634765625 0.23634730392156864