7 0.3821614583333333 0.3145833333333333 0.3834635416666667 0.31642156862745097 0.4041341145833333 0.317156862745098 0.51611328125 0.3170343137254902 0.5192057291666666 0.31642156862745097 0.5208333333333334 0.31409313725490196 0.5218098958333334 0.31090686274509804 0.5211588541666666 0.29730392156862745 0.5188802083333334 0.29473039215686275 0.5115559895833334 0.29325980392156864 0.48828125 0.29129901960784316 0.4337565104166667 0.2931372549019608 0.3839518229166667 0.296078431372549 0.3819986979166667 0.2968137254901961 0.380859375 0.2995098039215686 0.3815104166666667 0.31115196078431373 0.3821614583333333 0.3145833333333333
7 0.3826497395833333 0.3314950980392157 0.3836263020833333 0.33223039215686273 0.3902994791666667 0.33308823529411763 0.5154622395833334 0.3365196078431373 0.5177408854166666 0.3350490196078431 0.5192057291666666 0.3212009803921569 0.5183919270833334 0.31948529411764703 0.515625 0.3176470588235294 0.48486328125 0.31409313725490196 0.3972981770833333 0.317156862745098 0.3837890625 0.3193627450980392 0.3798828125 0.32083333333333336 0.3811848958333333 0.3280637254901961 0.3826497395833333 0.3314950980392157
7 0.50537109375 0.35980392156862745 0.517578125 0.35833333333333334 0.5188802083333334 0.3579656862745098 0.52099609375 0.3558823529411765 0.5206705729166666 0.3454656862745098 0.51953125 0.3411764705882353 0.5188802083333334 0.3397058823529412 0.5157877604166666 0.3379901960784314 0.4903971354166667 0.3362745098039216 0.4601236979166667 0.33848039215686276 0.4583333333333333 0.341421568627451 0.46337890625 0.3594362745098039 0.50537109375 0.35980392156862745
7 0.4632161458333333 0.37916666666666665 0.47314453125 0.38125 0.5052083333333334 0.38063725490196076 0.50732421875 0.3767156862745098 0.50732421875 0.3692401960784314 0.5060221354166666 0.3628676470588235 0.5047200520833334 0.36090686274509803 0.5009765625 0.3599264705882353 0.46337890625 0.35575980392156864 0.4607747395833333 0.36127450980392156 0.4609375 0.3769607843137255 0.4632161458333333 0.37916666666666665
7 0.4620768229166667 0.398406862745098 0.46337890625 0.4013480392156863 0.4842122395833333 0.4017156862745098 0.5060221354166666 0.40098039215686276 0.5078125 0.3905637254901961 0.5068359375 0.38357843137254904 0.5052083333333334 0.3807598039215686 0.4703776041666667 0.3813725490196078 0.4635416666666667 0.38235294117647056 0.4620768229166667 0.38357843137254904 0.4606119791666667 0.3905637254901961 0.4620768229166667 0.398406862745098
7 0.4646809895833333 0.4218137254901961 0.4669596354166667 0.4241421568627451 0.4737955729166667 0.4245098039215686 0.5086263020833334 0.42205882352941176 0.5099283854166666 0.4185049019607843 0.5089518229166666 0.41127450980392155 0.5061848958333334 0.4045343137254902 0.5050455729166666 0.4034313725490196 0.49853515625 0.40208333333333335 0.4910481770833333 0.40208333333333335 0.4635416666666667 0.40379901960784315 0.462890625 0.4042892156862745 0.4635416666666667 0.41629901960784316 0.4646809895833333 0.4218137254901961
7 0.4635416666666667 0.4447303921568627 0.46728515625 0.4452205882352941 0.49462890625 0.4424019607843137 0.50244140625 0.4392156862745098 0.5056966145833334 0.43676470588235294 0.50927734375 0.4287990196078431 0.5099283854166666 0.4218137254901961 0.5086263020833334 0.4200980392156863 0.5052083333333334 0.41997549019607844 0.4676106770833333 0.4247549019607843 0.4637044270833333 0.42745098039215684 0.462890625 0.4292892156862745 0.4622395833333333 0.44276960784313724 0.4635416666666667 0.4447303921568627
7 0.51220703125 0.3738970588235294 0.5398763020833334 0.37598039215686274 0.54345703125 0.36973039215686276 0.5441080729166666 0.3631127450980392 0.5436197916666666 0.3599264705882353 0.54296875 0.3590686274509804 0.5400390625 0.35808823529411765 0.5222981770833334 0.35661764705882354 0.5089518229166666 0.3593137254901961 0.5069986979166666 0.3620098039215686 0.5096028645833334 0.37169117647058825 0.51220703125 0.3738970588235294
7 0.51318359375 0.38737745098039217 0.5152994791666666 0.3888480392156863 0.5369466145833334 0.3894607843137255 0.5398763020833334 0.38872549019607844 0.54052734375 0.3871323529411765 0.5400390625 0.38125 0.5358072916666666 0.37487745098039216 0.52978515625 0.37401960784313726 0.5154622395833334 0.3743872549019608 0.51171875 0.37634803921568627 0.5089518229166666 0.3801470588235294 0.51318359375 0.38737745098039217
7 0.51346923828125 0.40513321078431375 0.5423313802083333 0.4035341911764706 0.5410579427083334 0.3883438725490196 0.51283251953125 0.39036715686274515 0.51346923828125 0.40513321078431375
7 0.5136814778645834 0.4203877450980392 0.5399969075520833 0.4179893382352941 0.5399969075520833 0.40279901960784315 0.5115592447916667 0.40618639705882353 0.5136814778645834 0.4203877450980392
7 0.5079514973958333 0.4349384803921569 0.5385113932291666 0.4322202205882353 0.5382991536458334 0.4184689950980392 0.5109225260416667 0.4210469362745098 0.5079514973958333 0.4349384803921569
5 0.3074544270833333 0.3514705882352941 0.3094075520833333 0.35257352941176473 0.3212890625 0.35257352941176473 0.32958984375 0.3509803921568627 0.3351236979166667 0.3508578431372549 0.34326171875 0.34963235294117645 0.3478190104166667 0.35 0.3489583333333333 0.3514705882352941 0.3522135416666667 0.3475490196078431 0.35302734375 0.34129901960784315 0.3523763020833333 0.3352941176470588 0.3492838541666667 0.33345588235294116 0.3473307291666667 0.3314950980392157 0.3455403645833333 0.3307598039215686 0.3424479166666667 0.33112745098039215 0.3209635416666667 0.3307598039215686 0.3170572916666667 0.3324754901960784 0.310546875 0.3324754901960784 0.3072916666666667 0.33174019607843136 0.3059895833333333 0.3366421568627451 0.306640625 0.3488970588235294 0.3074544270833333 0.3514705882352941
5 0.3181966145833333 0.3577205882352941 0.31884765625 0.3662990196078431 0.3211263020833333 0.3694852941176471 0.32470703125 0.3683823529411765 0.33056640625 0.36850490196078434 0.3372395833333333 0.36997549019607845 0.33837890625 0.3732843137254902 0.3419596354166667 0.3732843137254902 0.3419596354166667 0.3721813725490196 0.3409830729166667 0.3718137254901961 0.3411458333333333 0.36936274509803924 0.3448893229166667 0.3698529411764706 0.34912109375 0.3696078431372549 0.3522135416666667 0.370343137254902 0.353515625 0.36875 0.3546549479166667 0.3665441176470588 0.3543294270833333 0.36237745098039215 0.3523763020833333 0.3551470588235294 0.3504231770833333 0.3524509803921569 0.34912109375 0.351593137254902 0.3470052083333333 0.3524509803921569 0.345703125 0.35465686274509806 0.3326822916666667 0.35575980392156864 0.3317057291666667 0.35526960784313727 0.3284505208333333 0.35575980392156864 0.3245442708333333 0.35465686274509806 0.3162434895833333 0.35575980392156864 0.3157552083333333 0.3558823529411765 0.3181966145833333 0.3577205882352941
5 0.3211263020833333 0.38933823529411765 0.32470703125 0.38933823529411765 0.3297526041666667 0.38762254901960785 0.3333333333333333 0.38700980392156864 0.3473307291666667 0.38615196078431374 0.3525390625 0.38651960784313727 0.3546549479166667 0.38529411764705884 0.35595703125 0.3832107843137255 0.3564453125 0.3801470588235294 0.35595703125 0.3781862745098039 0.3548177083333333 0.3747549019607843 0.3527018229166667 0.3720588235294118 0.3523763020833333 0.36997549019607845 0.35107421875 0.3713235294117647 0.3483072916666667 0.37193627450980393 0.3470052083333333 0.3732843137254902 0.345703125 0.3737745098039216 0.341796875 0.3735294117647059 0.3396809895833333 0.37401960784313726 0.33056640625 0.3730392156862745 0.3294270833333333 0.37169117647058825 0.3271484375 0.3712009803921569 0.326171875 0.36973039215686276 0.3229166666666667 0.3696078431372549 0.32080078125 0.3707107843137255 0.31982421875 0.3721813725490196 0.31884765625 0.3767156862745098 0.31884765625 0.38382352941176473 0.3211263020833333 0.38933823529411765
5 0.3527018229166667 0.3628676470588235 0.3548177083333333 0.3681372549019608 0.3567708333333333 0.3713235294117647 0.3583984375 0.372671568627451 0.359375 0.3729166666666667 0.3614908854166667 0.37022058823529413 0.3704427083333333 0.3696078431372549 0.3756510416666667 0.37107843137254903 0.3766276041666667 0.3718137254901961 0.3836263020833333 0.3718137254901961 0.3844401041666667 0.36041666666666666 0.3834635416666667 0.35465686274509806 0.3816731770833333 0.3518382352941177 0.3798828125 0.35110294117647056 0.3732096354166667 0.35073529411764703 0.359375 0.3526960784313726 0.3548177083333333 0.3524509803921569 0.3528645833333333 0.35294117647058826 0.3522135416666667 0.35379901960784316 0.3518880208333333 0.35661764705882354 0.3527018229166667 0.3628676470588235
5 0.3201497395833333 0.4022058823529412 0.32177734375 0.4053921568627451 0.3243815104166667 0.4068627450980392 0.3509114583333333 0.40355392156862746 0.3523763020833333 0.4042892156862745 0.3557942708333333 0.4047794117647059 0.35693359375 0.4033088235294118 0.3577473958333333 0.4013480392156863 0.3580729166666667 0.39681372549019606 0.3557942708333333 0.38676470588235295 0.3522135416666667 0.38651960784313727 0.3502604166666667 0.3872549019607843 0.3235677083333333 0.38872549019607844 0.3211263020833333 0.3883578431372549 0.3201497395833333 0.39105392156862745 0.3196614583333333 0.39681372549019606 0.3201497395833333 0.4022058823529412
5 0.3221028645833333 0.4213235294117647 0.3230794270833333 0.4232843137254902 0.3245442708333333 0.4245098039215686 0.3347981770833333 0.4232843137254902 0.3468424479166667 0.4207107843137255 0.3489583333333333 0.421078431372549 0.3517252604166667 0.4202205882352941 0.3543294270833333 0.4204656862745098 0.3557942708333333 0.42144607843137255 0.3575846354166667 0.4183823529411765 0.3583984375 0.4113970588235294 0.3567708333333333 0.40612745098039216 0.35595703125 0.4047794117647059 0.3553059895833333 0.40465686274509804 0.3455403645833333 0.40698529411764706 0.3414713541666667 0.4071078431372549 0.33642578125 0.4090686274509804 0.326171875 0.41041666666666665 0.3245442708333333 0.4099264705882353 0.3225911458333333 0.41213235294117645 0.3216145833333333 0.4147058823529412 0.3214518229166667 0.4183823529411765 0.3221028645833333 0.4213235294117647
5 0.32470703125 0.44105392156862744 0.328125 0.4412990196078431 0.3310546875 0.44056372549019607 0.3351236979166667 0.4403186274509804 0.3409830729166667 0.4383578431372549 0.3453776041666667 0.43799019607843137 0.35205078125 0.43615196078431373 0.35595703125 0.43700980392156863 0.35693359375 0.43566176470588236 0.3587239583333333 0.42892156862745096 0.3567708333333333 0.4219362745098039 0.3557942708333333 0.42083333333333334 0.3536783854166667 0.42169117647058824 0.35205078125 0.42549019607843136 0.3489583333333333 0.4267156862745098 0.3450520833333333 0.4270833333333333 0.34130859375 0.4258578431372549 0.3404947916666667 0.4243872549019608 0.3388671875 0.4235294117647059 0.3347981770833333 0.4258578431372549 0.33154296875 0.42512254901960783 0.3294270833333333 0.42659313725490194 0.3260091145833333 0.4275735294117647 0.3235677083333333 0.43125 0.3235677083333333 0.43651960784313726 0.32470703125 0.44105392156862744
5 0.3253580729166667 0.45208333333333334 0.32763671875 0.45269607843137255 0.33837890625 0.452328431372549 0.3411458333333333 0.45159313725490197 0.3453776041666667 0.45208333333333334 0.35205078125 0.44901960784313727 0.3561197916666667 0.4493872549019608 0.359375 0.44730392156862747 0.3600260416666667 0.44607843137254904 0.35888671875 0.4392156862745098 0.3557942708333333 0.4357843137254902 0.3523763020833333 0.43615196078431373 0.34912109375 0.43713235294117647 0.3408203125 0.4404411764705882 0.3385416666666667 0.43995098039215685 0.3352864583333333 0.44142156862745097 0.32763671875 0.4411764705882353 0.3258463541666667 0.4415441176470588 0.3245442708333333 0.442156862745098 0.3238932291666667 0.4441176470588235 0.3243815104166667 0.4511029411764706 0.3253580729166667 0.45208333333333334
5 0.3564453125 0.3906862745098039 0.3583984375 0.39387254901960783 0.359375 0.4019607843137255 0.3605143229166667 0.4004901960784314 0.36376953125 0.3991421568627451 0.3663736979166667 0.3966911764705882 0.3699544270833333 0.3963235294117647 0.3732096354166667 0.39767156862745096 0.3763020833333333 0.396078431372549 0.3782552083333333 0.39681372549019606 0.37939453125 0.3980392156862745 0.3836263020833333 0.39889705882352944 0.38427734375 0.3975490196078431 0.3841145833333333 0.39252450980392156 0.3849283854166667 0.3877450980392157 0.384765625 0.38357843137254904 0.3836263020833333 0.38026960784313724 0.3699544270833333 0.3824754901960784 0.3658854166666667 0.38235294117647056 0.3592122395833333 0.3830882352941177 0.3557942708333333 0.3863970588235294 0.35546875 0.3872549019607843 0.3564453125 0.3906862745098039
5 0.3582356770833333 0.40759803921568627 0.359375 0.4120098039215686 0.3600260416666667 0.4125 0.3634440104166667 0.41299019607843135 0.3660481770833333 0.41102941176470587 0.36962890625 0.4102941176470588 0.3797200520833333 0.4117647058823529 0.3834635416666667 0.4137254901960784 0.3859049479166667 0.4117647058823529 0.38623046875 0.41127450980392155 0.3850911458333333 0.4074754901960784 0.3850911458333333 0.39742647058823527 0.3834635416666667 0.39387254901960783 0.3680013020833333 0.3958333333333333 0.36474609375 0.39571078431372547 0.359375 0.39644607843137253 0.3592122395833333 0.39681372549019606 0.3582356770833333 0.40098039215686276 0.3582356770833333 0.40759803921568627
5 0.3592122395833333 0.42512254901960783 0.3600260416666667 0.4258578431372549 0.36279296875 0.4264705882352941 0.36572265625 0.4256127450980392 0.3782552083333333 0.4243872549019608 0.3800455729166667 0.4247549019607843 0.3836263020833333 0.4243872549019608 0.3863932291666667 0.41862745098039217 0.3855794270833333 0.41568627450980394 0.3860677083333333 0.4113970588235294 0.3836263020833333 0.4099264705882353 0.3650716145833333 0.4113970588235294 0.3634440104166667 0.4125 0.3595377604166667 0.4107843137254902 0.3590494791666667 0.4113970588235294 0.3575846354166667 0.4185049019607843 0.3592122395833333 0.42512254901960783
5 0.3587239583333333 0.43590686274509804 0.359375 0.4389705882352941 0.3619791666666667 0.4404411764705882 0.3631184895833333 0.44056372549019607 0.3670247395833333 0.4386029411764706 0.3790690104166667 0.43737745098039216 0.3836263020833333 0.43566176470588236 0.3849283854166667 0.43247549019607845 0.3849283854166667 0.42512254901960783 0.3836263020833333 0.42316176470588235 0.3662109375 0.4253676470588235 0.36328125 0.42659313725490194 0.359375 0.4270833333333333 0.3582356770833333 0.42867647058823527 0.3587239583333333 0.43590686274509804
5 0.3611653645833333 0.4530637254901961 0.3624674479166667 0.4534313725490196 0.3697916666666667 0.4514705882352941 0.3802083333333333 0.45073529411764707 0.38330078125 0.4493872549019608 0.384765625 0.4465686274509804 0.3836263020833333 0.4417892156862745 0.3821614583333333 0.44276960784313724 0.38037109375 0.44313725490196076 0.3766276041666667 0.44276960784313724 0.3722330729166667 0.44338235294117645 0.36962890625 0.4428921568627451 0.3673502604166667 0.4435049019607843 0.36279296875 0.44375 0.3597005208333333 0.4457107843137255 0.35986328125 0.4508578431372549 0.3611653645833333 0.4530637254901961