14 0.43233154296875 0.4825841911764706 0.43178271484375 0.47710428921568626 0.4165506184895833 0.4770008578431373 0.41785416666666664 0.48608480392156866 0.42944986979166666 0.4860995098039216 0.43233154296875 0.4825841911764706
14 0.41174772135416665 0.4986100490196078 0.418197265625 0.49850674019607844 0.41751123046875 0.48640968137254903 0.41106152343749996 0.4867047794117647 0.41174772135416665 0.4986100490196078
14 0.4258819986979167 0.498196568627451 0.4260192057291667 0.4951981617647059 0.42835205078125 0.49509473039215685 0.42807763671875 0.4856859068627451 0.4176484375 0.48685968137254904 0.418197265625 0.49850674019607844 0.4258819986979167 0.498196568627451
14 0.45099446614583333 0.49468112745098036 0.4505826822916667 0.48537573529411765 0.43493896484375 0.4859297794117647 0.43507617187500003 0.4954049019607843 0.45099446614583333 0.49468112745098036
14 0.4527783203125 0.49437095588235297 0.4691082356770833 0.4931302696078432 0.46979443359375 0.48423848039215683 0.45099446614583333 0.4851549019607843 0.4527783203125 0.49437095588235297
14 0.47199007161458334 0.4934404411764706 0.4885944010416667 0.4934404411764706 0.4895550130208333 0.48361801470588234 0.4724016927083334 0.4840699754901961 0.47199007161458334 0.4934404411764706
14 0.49229947916666666 0.49302683823529414 0.5091783854166666 0.49261323529411766 0.50862939453125 0.4826875 0.49092724609375 0.4828301470588235 0.49229947916666666 0.49302683823529414
14 0.41325716145833336 0.5113274509803921 0.42121630859375 0.5124648284313725 0.4269798177083333 0.5111207107843138 0.42615641276041666 0.5016084558823529 0.4269798177083333 0.5000575980392157 0.4198440755208333 0.4999541666666667 0.4127081705729167 0.5012732843137254 0.41325716145833336 0.5113274509803921
14 0.39363378906249996 0.5144292892156863 0.4096892903645833 0.5137055147058824 0.4092776692708333 0.5035729166666666 0.3935651041666666 0.504063112745098 0.39363378906249996 0.5144292892156863
14 0.39349658203125 0.52363125 0.40996370442708335 0.523527818627451 0.41010091145833333 0.5143258578431373 0.39315348307291664 0.5146020833333333 0.39349658203125 0.52363125
14 0.40900309244791666 0.523527818627451 0.4272542317708334 0.5229074754901961 0.42752864583333333 0.5132919117647059 0.41106152343749996 0.5138270833333333 0.40900309244791666 0.523527818627451
14 0.4267054036458333 0.5228041666666667 0.45675797526041667 0.5210464460784313 0.4546995442708333 0.4949912990196078 0.4262936197916667 0.49600379901960784 0.4267054036458333 0.5228041666666667