14 0.7244466145833334 0.10588235294117647 0.7265625 0.10784313725490197 0.7893880208333334 0.1116421568627451 0.7919921875 0.11078431372549019 0.79248046875 0.1090686274509804 0.79052734375 0.05661764705882353 0.7884114583333334 0.04607843137254902 0.787109375 0.043259803921568626 0.78271484375 0.041176470588235294 0.76904296875 0.03860294117647059 0.73779296875 0.04019607843137255 0.7277018229166666 0.04350490196078431 0.7239583333333334 0.04534313725490196 0.71435546875 0.05355392156862745 0.7122395833333334 0.05747549019607843 0.7115885416666666 0.0644607843137255 0.7244466145833334 0.10588235294117647
14 0.6936848958333334 0.06409313725490196 0.6961263020833334 0.0661764705882353 0.7019856770833334 0.06605392156862745 0.7060546875 0.0653186274509804 0.70849609375 0.0642156862745098 0.7366536458333334 0.03995098039215686 0.73779296875 0.03651960784313726 0.7376302083333334 0.0321078431372549 0.7364908854166666 0.030269607843137255 0.734375 0.029166666666666667 0.7272135416666666 0.029044117647058824 0.7115885416666666 0.030759803921568626 0.6982421875 0.03615196078431373 0.693359375 0.03995098039215686 0.69189453125 0.0428921568627451 0.69189453125 0.05134803921568627 0.6936848958333334 0.06409313725490196
14 0.73779296875 0.036397058823529414 0.73974609375 0.039338235294117646 0.7443033854166666 0.04056372549019608 0.7586263020833334 0.04007352941176471 0.7657877604166666 0.03958333333333333 0.76904296875 0.03860294117647059 0.7703450520833334 0.0375 0.7711588541666666 0.032965686274509805 0.7685546875 0.008088235294117648 0.7679036458333334 0.006127450980392157 0.7666015625 0.005024509803921569 0.765625 0.004656862745098039 0.75439453125 0.008088235294117648 0.744140625 0.013480392156862746 0.7394205729166666 0.017034313725490195 0.7373046875 0.022916666666666665 0.7369791666666666 0.02781862745098039 0.73779296875 0.036397058823529414
14 0.7932942708333334 0.10674019607843137 0.7937825520833334 0.10919117647058824 0.7952473958333334 0.11127450980392156 0.79736328125 0.11237745098039216 0.8058268229166666 0.11323529411764706 0.845703125 0.11311274509803922 0.84765625 0.10931372549019608 0.8497721354166666 0.0920343137254902 0.8492838541666666 0.06397058823529411 0.8483072916666666 0.05698529411764706 0.8465169270833334 0.05330882352941176 0.8453776041666666 0.05232843137254902 0.8333333333333334 0.04963235294117647 0.8284505208333334 0.04938725490196078 0.7932942708333334 0.05318627450980392 0.7918294270833334 0.05612745098039216 0.7923177083333334 0.09583333333333334 0.7932942708333334 0.10674019607843137
14 0.8697916666666666 0.06666666666666667 0.9112955729166666 0.0625 0.9187825520833334 0.05723039215686274 0.9192708333333334 0.04681372549019608 0.91845703125 0.039705882352941174 0.91748046875 0.036397058823529414 0.9129231770833334 0.03455882352941177 0.9046223958333334 0.03333333333333333 0.8902994791666666 0.03419117647058824 0.8699544270833334 0.04019607843137255 0.8684895833333334 0.04215686274509804 0.8678385416666666 0.04485294117647059 0.86767578125 0.05759803921568627 0.8697916666666666 0.06666666666666667
14 0.9239908854166666 0.05379901960784314 0.92529296875 0.05526960784313725 0.9773763020833334 0.056004901960784316 0.9783528645833334 0.05232843137254902 0.9786783854166666 0.04338235294117647 0.9773763020833334 0.03909313725490196 0.9715169270833334 0.03284313725490196 0.9632161458333334 0.027941176470588237 0.9601236979166666 0.027205882352941177 0.953125 0.026838235294117645 0.9357096354166666 0.027941176470588237 0.9248046875 0.03995098039215686 0.9236653645833334 0.04240196078431373 0.9235026041666666 0.05073529411764706 0.9239908854166666 0.05379901960784314
14 0.884765625 0 0.8751627604166666 0.00392156862745098 0.8694661458333334 0.00784313725490196 0.86767578125 0.01053921568627451 0.8670247395833334 0.013480392156862746 0.8681640625 0.03321078431372549 0.8697916666666666 0.04105392156862745 0.921875 0.03958333333333333 0.92529296875 0.03872549019607843 0.9283854166666666 0.036397058823529414 0.9348958333333334 0.025490196078431372 0.935546875 0.02193627450980392 0.9347330729166666 0.014093137254901961 0.9327799479166666 0.005024509803921569 0.9300130208333334 0 0.884765625 0
14 0.77197265625 0 0.7692057291666666 0.005392156862745098 0.7685546875 0.007965686274509803 0.76904296875 0.016176470588235296 0.7716471354166666 0.036397058823529414 0.7726236979166666 0.03725490196078431 0.7898763020833334 0.04215686274509804 0.8455403645833334 0.036887254901960785 0.8465169270833334 0.035784313725490194 0.8479817708333334 0.032965686274509805 0.8479817708333334 0.026838235294117645 0.8463541666666666 0 0.77197265625 0
14 0.8732096354166666 0.10674019607843137 0.9088541666666666 0.10049019607843138 0.9108072916666666 0.09950980392156862 0.91259765625 0.09558823529411764 0.9124348958333334 0.07193627450980392 0.9112955729166666 0.06678921568627451 0.9083658854166666 0.0642156862745098 0.8766276041666666 0.06801470588235294 0.8697916666666666 0.07340686274509804 0.8684895833333334 0.07757352941176471 0.8694661458333334 0.09632352941176471 0.8732096354166666 0.10674019607843137
14 0.9148763020833334 0.09424019607843137 0.9186197916666666 0.09424019607843137 0.9703776041666666 0.08639705882352941 0.9716796875 0.08504901960784314 0.9778645833333334 0.06372549019607843 0.97314453125 0.05723039215686274 0.9635416666666666 0.05122549019607843 0.955078125 0.050980392156862744 0.93896484375 0.05232843137254902 0.9254557291666666 0.055392156862745096 0.91845703125 0.058333333333333334 0.9156901041666666 0.060294117647058824 0.9130859375 0.06482843137254903 0.9132486979166666 0.08872549019607844 0.9148763020833334 0.09424019607843137
14 0.9163411458333334 0.11764705882352941 0.9168294270833334 0.11973039215686275 0.91796875 0.12058823529411765 0.931640625 0.1221813725490196 0.9700520833333334 0.12438725490196079 0.9742838541666666 0.12438725490196079 0.9773763020833334 0.1232843137254902 0.9775390625 0.10416666666666667 0.9747721354166666 0.09276960784313726 0.9703776041666666 0.08811274509803922 0.9576822916666666 0.08676470588235294 0.9388020833333334 0.0875 0.93212890625 0.08897058823529412 0.9161783854166666 0.09509803921568627 0.91455078125 0.09730392156862745 0.9140625 0.09926470588235294 0.9163411458333334 0.11764705882352941
14 0.8714192708333334 0.11605392156862746 0.8732096354166666 0.1178921568627451 0.8766276041666666 0.11948529411764706 0.9112955729166666 0.12071078431372549 0.9150390625 0.12058823529411765 0.916015625 0.11985294117647059 0.916015625 0.10563725490196078 0.9148763020833334 0.10245098039215686 0.9119466145833334 0.1008578431372549 0.90087890625 0.10098039215686275 0.8951822916666666 0.1017156862745098 0.8732096354166666 0.10649509803921568 0.8717447916666666 0.1082107843137255 0.87109375 0.10919117647058824 0.8714192708333334 0.11605392156862746
14 0.8478190104166666 0.050490196078431374 0.84912109375 0.05367647058823529 0.8523763020833334 0.05784313725490196 0.86279296875 0.06041666666666667 0.8649088541666666 0.05845588235294118 0.8663736979166666 0.05477941176470588 0.8673502604166666 0.03946078431372549 0.8662109375 0.034436274509803924 0.8629557291666666 0.03321078431372549 0.8523763020833334 0.032475490196078434 0.8487955729166666 0.03468137254901961 0.8474934895833334 0.03651960784313726 0.8478190104166666 0.050490196078431374
5 0.8232421875 0.3975490196078431 0.8251953125 0.39926470588235297 0.8274739583333334 0.40269607843137256 0.8313802083333334 0.40465686274509804 0.8375651041666666 0.4051470588235294 0.8426106770833334 0.40490196078431373 0.8478190104166666 0.40551470588235294 0.8527018229166666 0.40551470588235294 0.8557942708333334 0.40465686274509804 0.8600260416666666 0.4047794117647059 0.86328125 0.40551470588235294 0.8660481770833334 0.4071078431372549 0.8728841145833334 0.40575980392156863 0.8851725260416666 0.40526960784313726 0.8977864583333334 0.4056372549019608 0.9012044270833334 0.40490196078431373 0.9020182291666666 0.4045343137254902 0.9013671875 0.40318627450980393 0.9033203125 0.40147058823529413 0.9044596354166666 0.4019607843137255 0.90625 0.39767156862745096 0.9065755208333334 0.39509803921568626 0.9065755208333334 0.3903186274509804 0.9055989583333334 0.3877450980392157 0.9039713541666666 0.3860294117647059 0.9010416666666666 0.38468137254901963 0.89111328125 0.3860294117647059 0.8766276041666666 0.38651960784313727 0.8733723958333334 0.38786764705882354 0.8694661458333334 0.3872549019607843 0.85595703125 0.38933823529411765 0.8385416666666666 0.39080882352941176 0.83544921875 0.3915441176470588 0.82763671875 0.39191176470588235 0.8253580729166666 0.39252450980392156 0.8232421875 0.3939950980392157 0.8232421875 0.3975490196078431
5 0.8064778645833334 0.41421568627450983 0.8058268229166666 0.41507352941176473 0.8084309895833334 0.4172794117647059 0.8095703125 0.4192401960784314 0.8115234375 0.4204656862745098 0.8121744791666666 0.42205882352941176 0.8094075520833334 0.4235294117647059 0.8074544270833334 0.42377450980392156 0.8064778645833334 0.4253676470588235 0.8076171875 0.4262254901960784 0.8116861979166666 0.4270833333333333 0.81396484375 0.4290441176470588 0.8175455729166666 0.42867647058823527 0.8387044270833334 0.4290441176470588 0.8419596354166666 0.42990196078431375 0.84521484375 0.42867647058823527 0.8561197916666666 0.4292892156862745 0.8624674479166666 0.4270833333333333 0.8662109375 0.4279411764705882 0.8821614583333334 0.4262254901960784 0.8876953125 0.42634803921568626 0.8938802083333334 0.42769607843137253 0.8972981770833334 0.42720588235294116 0.9010416666666666 0.427328431372549 0.9034830729166666 0.4261029411764706 0.9046223958333334 0.4230392156862745 0.9055989583333334 0.40098039215686276 0.9044596354166666 0.3981617647058823 0.9026692708333334 0.39681372549019606 0.9005533854166666 0.39644607843137253 0.8984375 0.3975490196078431 0.8971354166666666 0.3993872549019608 0.8968098958333334 0.4011029411764706 0.8974609375 0.401593137254902 0.90087890625 0.401593137254902 0.90234375 0.40441176470588236 0.89794921875 0.40551470588235294 0.8860677083333334 0.4056372549019608 0.8800455729166666 0.4045343137254902 0.87744140625 0.40551470588235294 0.8758138020833334 0.4056372549019608 0.8732096354166666 0.40490196078431373 0.8702799479166666 0.4060049019607843 0.8662109375 0.40625 0.8626302083333334 0.40526960784313726 0.8603515625 0.4033088235294118 0.859375 0.4030637254901961 0.85205078125 0.4042892156862745 0.84912109375 0.40526960784313726 0.8455403645833334 0.4036764705882353 0.8414713541666666 0.40465686274509804 0.83935546875 0.403921568627451 0.8370768229166666 0.4045343137254902 0.8328450520833334 0.4045343137254902 0.83154296875 0.40379901960784315 0.82470703125 0.4034313725490196 0.8221028645833334 0.4045343137254902 0.8224283854166666 0.40551470588235294 0.8193359375 0.40845588235294117 0.81640625 0.4091911764705882 0.8133138020833334 0.41102941176470587 0.8102213541666666 0.41102941176470587 0.8092447916666666 0.4128676470588235 0.8064778645833334 0.41421568627450983
5 0.9069010416666666 0.41482843137254904 0.908203125 0.4175245098039216 0.912109375 0.41801470588235295 0.9464518229166666 0.4155637254901961 0.9500325520833334 0.4147058823529412 0.953125 0.41274509803921566 0.95361328125 0.41102941176470587 0.9513346354166666 0.4007352941176471 0.9495442708333334 0.39742647058823527 0.9469401041666666 0.39620098039215684 0.9344075520833334 0.39644607843137253 0.92724609375 0.3971813725490196 0.9137369791666666 0.3973039215686274 0.90966796875 0.3980392156862745 0.9083658854166666 0.3985294117647059 0.9073893229166666 0.3996323529411765 0.90673828125 0.4008578431372549 0.9069010416666666 0.41482843137254904
5 0.9083658854166666 0.42830882352941174 0.9078776041666666 0.43247549019607845 0.9091796875 0.43566176470588236 0.9111328125 0.4368872549019608 0.9186197916666666 0.4362745098039216 0.9210611979166666 0.4355392156862745 0.9254557291666666 0.4354166666666667 0.9332682291666666 0.4337009803921569 0.939453125 0.4338235294117647 0.9466145833333334 0.43223039215686276 0.9495442708333334 0.43051470588235297 0.9500325520833334 0.41973039215686275 0.9495442708333334 0.4175245098039216 0.94775390625 0.41629901960784316 0.9456380208333334 0.41593137254901963 0.9182942708333334 0.41678921568627453 0.9140625 0.4176470588235294 0.9114583333333334 0.41875 0.9078776041666666 0.4183823529411765 0.90771484375 0.41973039215686275 0.9075520833333334 0.42598039215686273 0.9083658854166666 0.42830882352941174
5 0.9112955729166666 0.4496323529411765 0.9200846354166666 0.44693627450980394 0.9358723958333334 0.4462009803921569 0.947265625 0.4447303921568627 0.9495442708333334 0.44485294117647056 0.9505208333333334 0.4428921568627451 0.95068359375 0.44080882352941175 0.9501953125 0.4357843137254902 0.94921875 0.4345588235294118 0.94580078125 0.4343137254901961 0.94287109375 0.43504901960784315 0.9324544270833334 0.435171568627451 0.9287109375 0.43615196078431373 0.92529296875 0.4360294117647059 0.9112955729166666 0.43737745098039216 0.90771484375 0.44166666666666665 0.9078776041666666 0.445343137254902 0.9112955729166666 0.4496323529411765
5 0.83154296875 0.4432598039215686 0.8349609375 0.447671568627451 0.837890625 0.44669117647058826 0.8435872395833334 0.44632352941176473 0.8489583333333334 0.4468137254901961 0.8517252604166666 0.44607843137254904 0.9012044270833334 0.4443627450980392 0.9044596354166666 0.4435049019607843 0.9059244791666666 0.4392156862745098 0.9044596354166666 0.42634803921568626 0.9034830729166666 0.42512254901960783 0.9020182291666666 0.4247549019607843 0.8624674479166666 0.427328431372549 0.8527018229166666 0.4287990196078431 0.8458658854166666 0.42806372549019606 0.8419596354166666 0.4270833333333333 0.8331705729166666 0.4281862745098039 0.8302408854166666 0.4292892156862745 0.8292643229166666 0.4306372549019608 0.8302408854166666 0.4400735294117647 0.83154296875 0.4432598039215686
5 0.8365885416666666 0.4704656862745098 0.8385416666666666 0.47352941176470587 0.8419596354166666 0.4745098039215686 0.84521484375 0.473406862745098 0.8465169270833334 0.4741421568627451 0.8474934895833334 0.4772058823529412 0.8489583333333334 0.47818627450980394 0.8546549479166666 0.478921568627451 0.86279296875 0.47843137254901963 0.8650716145833334 0.4772058823529412 0.8658854166666666 0.4758578431372549 0.8701171875 0.47377450980392155 0.87353515625 0.4742647058823529 0.8766276041666666 0.4730392156862745 0.8836263020833334 0.47267156862745097 0.8863932291666666 0.47205882352941175 0.8922526041666666 0.47230392156862744 0.90234375 0.4713235294117647 0.9044596354166666 0.4715686274509804 0.9055989583333334 0.47034313725490196 0.9064127604166666 0.46740196078431373 0.90625 0.4591911764705882 0.9054361979166666 0.44926470588235295 0.904296875 0.44509803921568625 0.9036458333333334 0.4446078431372549 0.9002278645833334 0.4443627450980392 0.88623046875 0.44546568627450983 0.8846028645833334 0.44485294117647056 0.8834635416666666 0.4417892156862745 0.8805338541666666 0.4438725490196078 0.87890625 0.4432598039215686 0.8779296875 0.44142156862745097 0.87646484375 0.4411764705882353 0.8634440104166666 0.4426470588235294 0.8626302083333334 0.44227941176470587 0.86083984375 0.44424019607843135 0.85595703125 0.44509803921568625 0.8352864583333334 0.44485294117647056 0.8333333333333334 0.4485294117647059 0.8338216145833334 0.4600490196078431 0.8365885416666666 0.4704656862745098
5 0.9114583333333334 0.4741421568627451 0.9124348958333334 0.4742647058823529 0.9182942708333334 0.47463235294117645 0.9220377604166666 0.4742647058823529 0.92529296875 0.47291666666666665 0.9306640625 0.4724264705882353 0.9401041666666666 0.47181372549019607 0.94287109375 0.47205882352941175 0.94482421875 0.4715686274509804 0.94970703125 0.4719362745098039 0.9518229166666666 0.47034313725490196 0.9519856770833334 0.4633578431372549 0.9510091145833334 0.46200980392156865 0.9490559895833334 0.46115196078431375 0.93896484375 0.46200980392156865 0.9327799479166666 0.46311274509803924 0.91796875 0.4638480392156863 0.9150390625 0.4649509803921569 0.9119466145833334 0.46544117647058825 0.9103190104166666 0.46862745098039216 0.9103190104166666 0.47181372549019607 0.9114583333333334 0.4741421568627451
5 0.8391927083333334 0.4877450980392157 0.8408203125 0.4909313725490196 0.8414713541666666 0.4948529411764706 0.8458658854166666 0.49669117647058825 0.8466796875 0.4979166666666667 0.8487955729166666 0.49901960784313726 0.85302734375 0.49901960784313726 0.8557942708333334 0.5 0.8624674479166666 0.4997549019607843 0.8644205729166666 0.4987745098039216 0.8670247395833334 0.4982843137254902 0.8697916666666666 0.5002450980392157 0.8732096354166666 0.4987745098039216 0.87646484375 0.5 0.88134765625 0.49926470588235294 0.8837890625 0.4985294117647059 0.884765625 0.49583333333333335 0.8859049479166666 0.4946078431372549 0.89013671875 0.49325980392156865 0.8927408854166666 0.49301470588235297 0.8948567708333334 0.49166666666666664 0.8955078125 0.4922794117647059 0.8976236979166666 0.4925245098039216 0.8990885416666666 0.49325980392156865 0.9007161458333334 0.4963235294117647 0.9031575520833334 0.4965686274509804 0.904296875 0.49730392156862746 0.9054361979166666 0.4912990196078431 0.9078776041666666 0.48799019607843136 0.9075520833333334 0.48419117647058824 0.9080403645833334 0.4806372549019608 0.9069010416666666 0.4738970588235294 0.9044596354166666 0.4708333333333333 0.8976236979166666 0.47291666666666665 0.89306640625 0.4727941176470588 0.8868815104166666 0.47352941176470587 0.8834635416666666 0.47524509803921566 0.8800455729166666 0.47463235294117645 0.8776041666666666 0.4756127450980392 0.8697916666666666 0.47671568627450983 0.8662109375 0.4786764705882353 0.8522135416666666 0.4797794117647059 0.8487955729166666 0.47818627450980394 0.8455403645833334 0.478921568627451 0.8416341145833334 0.47671568627450983 0.8385416666666666 0.47843137254901963 0.8380533854166666 0.4795343137254902 0.837890625 0.4814950980392157 0.8391927083333334 0.4877450980392157
5 0.9095052083333334 0.5087009803921568 0.91162109375 0.5116421568627451 0.91455078125 0.5123774509803921 0.92138671875 0.5134803921568627 0.9322916666666666 0.5126225490196078 0.9332682291666666 0.5120098039215686 0.9344075520833334 0.5099264705882353 0.9365234375 0.509313725490196 0.9388020833333334 0.5078431372549019 0.9404296875 0.508578431372549 0.94140625 0.5104166666666666 0.9459635416666666 0.5122549019607843 0.9495442708333334 0.5107843137254902 0.95654296875 0.510906862745098 0.9601236979166666 0.5089460784313725 0.9611002604166666 0.49473039215686276 0.9601236979166666 0.4912990196078431 0.9568684895833334 0.49031862745098037 0.9527994791666666 0.49031862745098037 0.9459635416666666 0.49117647058823527 0.9430338541666666 0.49203431372549017 0.93896484375 0.4917892156862745 0.9358723958333334 0.49301470588235297 0.9329427083333334 0.4933823529411765 0.9182942708333334 0.49436274509803924 0.9153645833333334 0.4936274509803922 0.9127604166666666 0.49375 0.9108072916666666 0.49473039215686276 0.9091796875 0.4985294117647059 0.9088541666666666 0.5017156862745098 0.9095052083333334 0.5087009803921568
5 0.9098307291666666 0.5438725490196078 0.9111328125 0.546936274509804 0.9182942708333334 0.5464460784313725 0.9192708333333334 0.5454656862745098 0.923828125 0.544485294117647 0.9246419270833334 0.5435049019607843 0.9251302083333334 0.5399509803921568 0.9246419270833334 0.5370710784313726 0.9264322916666666 0.5360294117647059 0.93212890625 0.5346813725490196 0.9353841145833334 0.5346813725490196 0.9363606770833334 0.5339460784313725 0.9392903645833334 0.5340686274509804 0.9423828125 0.5321078431372549 0.9461263020833334 0.5319852941176471 0.94873046875 0.5311274509803922 0.9503580729166666 0.53125 0.9529622395833334 0.5325980392156863 0.9586588541666666 0.5321078431372549 0.9596354166666666 0.5316176470588235 0.96044921875 0.5197303921568628 0.9601236979166666 0.5158088235294118 0.958984375 0.5133578431372549 0.9567057291666666 0.5121323529411764 0.9523111979166666 0.5121323529411764 0.9256184895833334 0.514828431372549 0.9112955729166666 0.5140931372549019 0.908203125 0.515563725490196 0.9078776041666666 0.5161764705882353 0.9073893229166666 0.5299019607843137 0.9098307291666666 0.5438725490196078
5 0.9112955729166666 0.5473039215686275 0.9256184895833334 0.5473039215686275 0.9298502604166666 0.5458333333333333 0.935546875 0.5448529411764705 0.9466145833333334 0.5448529411764705 0.95751953125 0.5442401960784313 0.9593098958333334 0.5436274509803921 0.9601236979166666 0.5424019607843137 0.96044921875 0.535171568627451 0.9599609375 0.5323529411764706 0.95654296875 0.529656862745098 0.9513346354166666 0.5306372549019608 0.9443359375 0.5306372549019608 0.9425455729166666 0.5301470588235294 0.93994140625 0.5308823529411765 0.9357096354166666 0.5307598039215686 0.9220377604166666 0.5356617647058823 0.9182942708333334 0.5356617647058823 0.91552734375 0.5363970588235294 0.9163411458333334 0.539828431372549 0.9147135416666666 0.5406862745098039 0.9112955729166666 0.5388480392156862 0.9103190104166666 0.5420343137254902 0.9103190104166666 0.546813725490196 0.9112955729166666 0.5473039215686275
5 0.8523763020833334 0.5310049019607843 0.8595377604166666 0.5278186274509804 0.8649088541666666 0.5270833333333333 0.8974609375 0.5314950980392157 0.8982747395833334 0.5306372549019608 0.9010416666666666 0.5299019607843137 0.9010416666666666 0.5257352941176471 0.9020182291666666 0.5253676470588236 0.9029947916666666 0.5237745098039216 0.9046223958333334 0.5125 0.9046223958333334 0.508578431372549 0.90185546875 0.5056372549019608 0.8972981770833334 0.5047794117647059 0.8857421875 0.504656862745098 0.8785807291666666 0.5036764705882353 0.8556315104166666 0.5034313725490196 0.8489583333333334 0.5022058823529412 0.8479817708333334 0.5044117647058823 0.8497721354166666 0.5259803921568628 0.8523763020833334 0.5310049019607843
5 0.8522135416666666 0.551593137254902 0.8531901041666666 0.5520833333333334 0.8553059895833334 0.5525735294117647 0.8688151041666666 0.5523284313725491 0.8800455729166666 0.5511029411764706 0.8828125 0.5497549019607844 0.89013671875 0.5512254901960785 0.8922526041666666 0.5512254901960785 0.8976236979166666 0.5501225490196079 0.8997395833333334 0.5482843137254902 0.9005533854166666 0.546813725490196 0.9025065104166666 0.5363970588235294 0.9007161458333334 0.5344362745098039 0.8974609375 0.5329656862745098 0.89453125 0.533578431372549 0.8904622395833334 0.5330882352941176 0.8523763020833334 0.5348039215686274 0.85107421875 0.5365196078431372 0.8504231770833334 0.5397058823529411 0.8502604166666666 0.5470588235294118 0.8522135416666666 0.551593137254902
5 0.08707682291666667 0.041176470588235294 0.08658854166666667 0.04056372549019608 0.08317057291666667 0.04068627450980392 0.08349609375 0.04178921568627451 0.08707682291666667 0.041176470588235294