27 0.6962890625 0.22009803921568627 0.6990559895833334 0.2219362745098039 0.70263671875 0.22279411764705884 0.73095703125 0.22058823529411764 0.732421875 0.2196078431372549 0.7335611979166666 0.21678921568627452 0.7242838541666666 0.13664215686274508 0.7169596354166666 0.08517156862745098 0.7150065104166666 0.08308823529411764 0.7122395833333334 0.08149509803921569 0.6927083333333334 0.07892156862745098 0.6845703125 0.08357843137254901 0.68310546875 0.08553921568627451 0.68310546875 0.09129901960784313 0.6962890625 0.22009803921568627
27 0.6194661458333334 0.20061274509803922 0.623046875 0.22009803921568627 0.6258138020833334 0.221078431372549 0.6539713541666666 0.22120098039215685 0.6554361979166666 0.22009803921568627 0.6559244791666666 0.2153186274509804 0.6529947916666666 0.1314950980392157 0.6484375 0.08137254901960785 0.6474609375 0.07977941176470588 0.64404296875 0.0778186274509804 0.6232096354166666 0.07671568627450981 0.61279296875 0.08063725490196079 0.6116536458333334 0.08161764705882353 0.6114908854166666 0.0829656862745098 0.6124674479166666 0.12365196078431373 0.6194661458333334 0.20061274509803922
27 0.5760091145833334 0.15098039215686274 0.583984375 0.2204656862745098 0.5849609375 0.22156862745098038 0.6165364583333334 0.2221813725490196 0.61962890625 0.22009803921568627 0.6105143229166666 0.08149509803921569 0.609375 0.07941176470588235 0.607421875 0.07855392156862745 0.5919596354166666 0.07438725490196078 0.5849609375 0.07438725490196078 0.57421875 0.08149509803921569 0.57373046875 0.08480392156862746 0.5734049479166666 0.12022058823529412 0.5760091145833334 0.15098039215686274
27 0.5341796875 0.11997549019607844 0.5450846354166666 0.2204656862745098 0.5467122395833334 0.22169117647058822 0.5524088541666666 0.2219362745098039 0.578125 0.22169117647058822 0.5808919270833334 0.22120098039215685 0.58203125 0.22034313725490196 0.58203125 0.21691176470588236 0.5729166666666666 0.0803921568627451 0.57177734375 0.0778186274509804 0.5703125 0.07671568627450981 0.5537109375 0.07022058823529412 0.548828125 0.07107843137254902 0.5348307291666666 0.07830882352941176 0.5323893229166666 0.0803921568627451 0.5320638020833334 0.09227941176470589 0.5341796875 0.11997549019607844
27 0.4938151041666667 0.1545343137254902 0.5035807291666666 0.2204656862745098 0.5052083333333334 0.22181372549019607 0.53564453125 0.22426470588235295 0.54052734375 0.22389705882352942 0.54345703125 0.22058823529411764 0.5418294270833334 0.18933823529411764 0.5305989583333334 0.07806372549019608 0.5257161458333334 0.07377450980392157 0.5120442708333334 0.07144607843137254 0.5050455729166666 0.0713235294117647 0.48876953125 0.07732843137254902 0.4874674479166667 0.07818627450980392 0.48681640625 0.08002450980392156 0.4866536458333333 0.09276960784313726 0.4938151041666667 0.1545343137254902
27 0.6546223958333334 0.17524509803921567 0.6583658854166666 0.22009803921568627 0.6611328125 0.22230392156862744 0.6925455729166666 0.22156862745098038 0.6944986979166666 0.22083333333333333 0.6953125 0.21948529411764706 0.6959635416666666 0.21409313725490195 0.6954752604166666 0.19950980392156864 0.68701171875 0.11973039215686275 0.6818033854166666 0.0849264705882353 0.6803385416666666 0.08161764705882353 0.6787109375 0.0803921568627451 0.6578776041666666 0.0778186274509804 0.6521809895833334 0.0829656862745098 0.650390625 0.08615196078431372 0.6502278645833334 0.0982843137254902 0.6546223958333334 0.17524509803921567
27 0.4720052083333333 0.22058823529411764 0.4728190104166667 0.22279411764705884 0.47412109375 0.22401960784313726 0.4773763020833333 0.2243872549019608 0.4912109375 0.22365196078431374 0.4930013020833333 0.22254901960784312 0.494140625 0.22058823529411764 0.4939778645833333 0.21470588235294116 0.4855143229166667 0.13014705882352942 0.48193359375 0.10196078431372549 0.4786783854166667 0.08504901960784314 0.4773763020833333 0.08321078431372549 0.4747721354166667 0.0821078431372549 0.4601236979166667 0.0792892156862745 0.4583333333333333 0.08321078431372549 0.46484375 0.1579656862745098 0.4720052083333333 0.22058823529411764
27 0.4285481770833333 0.18333333333333332 0.4314778645833333 0.2204656862745098 0.4322916666666667 0.22169117647058822 0.4669596354166667 0.2232843137254902 0.470703125 0.2221813725490196 0.4713541666666667 0.21691176470588236 0.45654296875 0.07512254901960784 0.4547526041666667 0.0724264705882353 0.4523111979166667 0.07083333333333333 0.4296875 0.06715686274509804 0.4287109375 0.06715686274509804 0.4249674479166667 0.07316176470588236 0.42529296875 0.10245098039215686 0.4285481770833333 0.18333333333333332
27 0.3917643229166667 0.22058823529411764 0.3938802083333333 0.22316176470588237 0.4069010416666667 0.22377450980392158 0.42529296875 0.2232843137254902 0.4287109375 0.22205882352941175 0.4293619791666667 0.221078431372549 0.4295247395833333 0.2139705882352941 0.4259440104166667 0.08811274509803922 0.423828125 0.07107843137254902 0.4192708333333333 0.06764705882352941 0.4010416666666667 0.059313725490196076 0.3878580729166667 0.0571078431372549 0.3818359375 0.05698529411764706 0.3787434895833333 0.05723039215686274 0.3766276041666667 0.05919117647058823 0.3834635416666667 0.15098039215686274 0.3917643229166667 0.22058823529411764
27 0.4357096354166667 0.7144607843137255 0.4453125 0.7971813725490197 0.4461263020833333 0.8002450980392157 0.4500325520833333 0.8014705882352942 0.4563802083333333 0.8003676470588236 0.46337890625 0.7971813725490197 0.4674479166666667 0.7899509803921568 0.46142578125 0.6784313725490196 0.45849609375 0.671078431372549 0.45654296875 0.6686274509803921 0.4425455729166667 0.6639705882352941 0.4391276041666667 0.6636029411764706 0.4366861979166667 0.6642156862745098 0.43408203125 0.6672794117647058 0.4337565104166667 0.6740196078431373 0.4357096354166667 0.7144607843137255
27 0.4698893229166667 0.7861519607843137 0.470703125 0.7872549019607843 0.4739583333333333 0.7886029411764706 0.4871419270833333 0.7892156862745098 0.4982096354166667 0.7868872549019608 0.5013020833333334 0.7856617647058823 0.5035807291666666 0.7830882352941176 0.5047200520833334 0.7787990196078431 0.5050455729166666 0.7721813725490196 0.50146484375 0.7134803921568628 0.49853515625 0.6821078431372549 0.4969075520833333 0.672671568627451 0.4959309895833333 0.6696078431372549 0.4912109375 0.6639705882352941 0.4773763020833333 0.6589460784313725 0.4747721354166667 0.6599264705882353 0.46337890625 0.6669117647058823 0.4612630208333333 0.6685049019607843 0.4599609375 0.6708333333333333 0.4659830729166667 0.7555147058823529 0.4698893229166667 0.7861519607843137
27 0.5125325520833334 0.7775735294117647 0.5139973958333334 0.7794117647058824 0.5154622395833334 0.7801470588235294 0.5294596354166666 0.7814950980392157 0.5325520833333334 0.7810049019607843 0.5400390625 0.7787990196078431 0.5431315104166666 0.7769607843137255 0.5455729166666666 0.7727941176470589 0.5406901041666666 0.7025735294117647 0.537109375 0.6678921568627451 0.5349934895833334 0.6598039215686274 0.5328776041666666 0.6564950980392157 0.5192057291666666 0.6498774509803922 0.5182291666666666 0.6498774509803922 0.5148111979166666 0.6508578431372549 0.49462890625 0.6644607843137255 0.5052083333333334 0.7612745098039215 0.5125325520833334 0.7775735294117647
27 0.5442708333333334 0.7620098039215686 0.546875 0.7708333333333334 0.5480143229166666 0.7720588235294118 0.5533854166666666 0.7732843137254902 0.5607096354166666 0.7737745098039216 0.5745442708333334 0.7707107843137255 0.5771484375 0.7689950980392157 0.5789388020833334 0.7658088235294118 0.5719401041666666 0.6574754901960784 0.5711263020833334 0.6549019607843137 0.5690104166666666 0.6525735294117647 0.5568033854166666 0.645343137254902 0.5538736979166666 0.6442401960784314 0.5498046875 0.6455882352941177 0.53564453125 0.6569852941176471 0.5426432291666666 0.7485294117647059 0.5442708333333334 0.7620098039215686
27 0.5777994791666666 0.7419117647058824 0.58056640625 0.7621323529411764 0.58154296875 0.7639705882352941 0.5838216145833334 0.765563725490196 0.5891927083333334 0.7662990196078432 0.59619140625 0.765563725490196 0.6090494791666666 0.7628676470588235 0.6100260416666666 0.7621323529411764 0.6114908854166666 0.758578431372549 0.609375 0.689093137254902 0.6062825520833334 0.6560049019607843 0.6044921875 0.6473039215686275 0.6031901041666666 0.645343137254902 0.5885416666666666 0.6383578431372549 0.5849609375 0.6392156862745098 0.5836588541666666 0.6403186274509803 0.5734049479166666 0.651593137254902 0.57275390625 0.6534313725490196 0.5740559895833334 0.6899509803921569 0.5777994791666666 0.7419117647058824
27 0.61279296875 0.7556372549019608 0.6139322916666666 0.7571078431372549 0.6163736979166666 0.7580882352941176 0.623046875 0.7590686274509804 0.63037109375 0.7591911764705882 0.6407877604166666 0.75625 0.6424153645833334 0.7550245098039216 0.6443684895833334 0.7517156862745098 0.6407877604166666 0.6776960784313726 0.63916015625 0.6577205882352941 0.6370442708333334 0.6427696078431373 0.62646484375 0.6367647058823529 0.6217447916666666 0.6356617647058823 0.6178385416666666 0.6363970588235294 0.6056315104166666 0.6432598039215687 0.6046549479166666 0.6442401960784314 0.61279296875 0.7556372549019608
27 0.6455078125 0.748406862745098 0.6472981770833334 0.7504901960784314 0.6544596354166666 0.7520833333333333 0.6643880208333334 0.751593137254902 0.6720377604166666 0.748406862745098 0.673828125 0.7421568627450981 0.6726888020833334 0.6401960784313725 0.671875 0.6375 0.6692708333333334 0.6338235294117647 0.6593424479166666 0.6281862745098039 0.6546223958333334 0.6262254901960784 0.6510416666666666 0.6272058823529412 0.6427408854166666 0.6329656862745098 0.6383463541666666 0.6368872549019607 0.64306640625 0.7313725490196078 0.6455078125 0.748406862745098
27 0.6778971354166666 0.734313725490196 0.6793619791666666 0.741421568627451 0.68212890625 0.7439950980392157 0.6857096354166666 0.7450980392156863 0.69287109375 0.7449754901960784 0.7029622395833334 0.7415441176470589 0.7054036458333334 0.7359068627450981 0.7076822916666666 0.6786764705882353 0.70703125 0.6393382352941176 0.7063802083333334 0.6363970588235294 0.70458984375 0.633578431372549 0.6892903645833334 0.6231617647058824 0.6857096354166666 0.6237745098039216 0.67529296875 0.6301470588235294 0.6730143229166666 0.6332107843137255 0.6741536458333334 0.7067401960784314 0.6778971354166666 0.734313725490196
27 0.7071940104166666 0.7363970588235295 0.70947265625 0.7373774509803922 0.71337890625 0.7381127450980393 0.72021484375 0.7379901960784314 0.7275390625 0.7362745098039216 0.7306315104166666 0.7345588235294118 0.7317708333333334 0.7292892156862745 0.7307942708333334 0.6435049019607844 0.7293294270833334 0.626593137254902 0.7265625 0.6221813725490196 0.7205403645833334 0.6182598039215687 0.7101236979166666 0.6166666666666667 0.7052408854166666 0.6197303921568628 0.7014973958333334 0.6256127450980392 0.7063802083333334 0.7348039215686275 0.7071940104166666 0.7363970588235295