7 0.81101953125 0.8154420343137254 0.84768603515625 0.8203917892156862 0.8638805338541666 0.8110678921568628 0.864033203125 0.799326593137255 0.8464638671875 0.810031862745098 0.8121653645833334 0.804364705882353 0.81101953125 0.8154420343137254
7 0.8117833658854167 0.7913839460784314 0.8470750325520834 0.7961035539215686 0.862658203125 0.7880458333333333 0.8629638671875001 0.7774556372549019 0.8418805338541667 0.7657144607843137 0.8398943684895833 0.7655411764705882 0.8111722005208333 0.7805636029411765 0.8117833658854167 0.7913839460784314
7 0.8469222005208333 0.8092261029411765 0.86418603515625 0.7986359068627451 0.864033203125 0.7882759803921568 0.8457000325520833 0.79898125 0.8123945312499999 0.7922862745098038 0.8117833658854167 0.8041612745098039 0.8469222005208333 0.8092261029411765
7 0.8120888671875001 0.8270682598039216 0.84661669921875 0.8332841911764706 0.8634222005208333 0.8236149509803922 0.8635748697916666 0.8116433823529412 0.8470750325520834 0.8215428921568627 0.8119361979166667 0.8160979166666668 0.8120888671875001 0.8270682598039216
7 0.7882556966145833 0.7870098039215686 0.7853528645833333 0.7889666666666666 0.7783250325520834 0.8055425245098039 0.7699223632812501 0.8221185049019608 0.80551953125 0.8279890931372549 0.8119361979166667 0.8254566176470588 0.8107903645833333 0.807643137254902 0.8117833658854167 0.7912688725490196 0.7882556966145833 0.7870098039215686
30 0.583880859375 0.660149387254902 0.583880859375 0.672080637254902 0.5942347005208334 0.6733042892156862 0.5946407877604166 0.6661149509803921 0.6037765299479166 0.6627497549019608 0.6328082682291667 0.6551015931372549 0.6148411458333333 0.65286875 0.583880859375 0.660149387254902
30 0.5944376627604167 0.6778932598039216 0.6155515950520833 0.6797287990196079 0.6145366210937501 0.667950612745098 0.6498618164062501 0.6577019607843138 0.6364625651041667 0.6560193627450981 0.5956559244791667 0.6663969362745098 0.5944376627604167 0.6778932598039216
30 0.6354166666666666 0.6753676470588236 0.6370442708333334 0.6772058823529412 0.6409505208333334 0.6790441176470589 0.6536458333333334 0.6806372549019608 0.6573893229166666 0.6803921568627451 0.6653645833333334 0.6787990196078432 0.66748046875 0.6768382352941177 0.6705729166666666 0.6752450980392157 0.67333984375 0.6724264705882353 0.67529296875 0.6732843137254902 0.6765950520833334 0.671813725490196 0.6765950520833334 0.6683823529411764 0.67529296875 0.6672794117647058 0.67041015625 0.6681372549019607 0.6637369791666666 0.6667892156862745 0.64404296875 0.6675245098039215 0.63671875 0.6683823529411764 0.6365559895833334 0.6720588235294118 0.6354166666666666 0.6753676470588236
30 0.6232096354166666 0.6784313725490196 0.625 0.6774509803921569 0.6346028645833334 0.676593137254902 0.6373697916666666 0.6757352941176471 0.6376953125 0.6751225490196079 0.6365559895833334 0.6716911764705882 0.6378580729166666 0.6681372549019607 0.6329752604166666 0.6667892156862745 0.6233723958333334 0.6651960784313725 0.6222330729166666 0.6674019607843137 0.6222330729166666 0.6724264705882353 0.6232096354166666 0.6784313725490196
30 0.5770970052083334 0.6976555147058823 0.5835154622395834 0.6972350490196079 0.5818684895833334 0.6995098039215686 0.5885416666666666 0.6990196078431372 0.5916341145833334 0.7001225490196078 0.5953776041666666 0.7002450980392156 0.5966796875 0.6971813725490196 0.59619140625 0.692156862745098 0.5973307291666666 0.689093137254902 0.5965169270833334 0.6867647058823529 0.5947265625 0.6855392156862745 0.5921223958333334 0.6846813725490196 0.5882161458333334 0.6845588235294118 0.5852864583333334 0.6838235294117647 0.5818684895833334 0.6843137254901961 0.578125 0.6856617647058824 0.5764973958333334 0.6867647058823529 0.5748697916666666 0.689093137254902 0.57470703125 0.6903186274509804 0.5745442708333334 0.6928921568627451 0.5770970052083334 0.6976555147058823
30 0.5974934895833334 0.6995098039215686 0.5987955729166666 0.7009803921568627 0.6162109375 0.7034313725490197 0.6197916666666666 0.7014705882352941 0.6222330729166666 0.6926470588235294 0.6212565104166666 0.6900735294117647 0.6168619791666666 0.6873774509803922 0.6018880208333334 0.6872549019607843 0.5983072916666666 0.6883578431372549 0.59716796875 0.6892156862745098 0.5968424479166666 0.6905637254901961 0.5963541666666666 0.6962009803921568 0.5974934895833334 0.6995098039215686
30 0.5771484375 0.7095588235294118 0.5789388020833334 0.7105392156862745 0.5810546875 0.7111519607843138 0.5948893229166666 0.7122549019607843 0.5974934895833334 0.7121323529411765 0.5987955729166666 0.7113970588235294 0.59912109375 0.7099264705882353 0.59716796875 0.7029411764705882 0.5953776041666666 0.7001225490196078 0.5940755208333334 0.6996323529411764 0.591796875 0.6990196078431372 0.578125 0.6986519607843137 0.5763346354166666 0.7035539215686275 0.5763346354166666 0.7082107843137255 0.5771484375 0.7095588235294118
30 0.58417041015625 0.6840026960784314 0.6009052734375 0.6857539215686275 0.6012151692708333 0.6789824754901961 0.5943972981770833 0.678398774509804 0.5943972981770833 0.6734952205882352 0.5847902018229166 0.6720776960784314 0.58417041015625 0.6840026960784314
30 0.60009765625 0.7111519607843138 0.6022135416666666 0.7137254901960784 0.61572265625 0.7147058823529412 0.6197916666666666 0.7139705882352941 0.6193033854166666 0.7096813725490196 0.6162109375 0.703186274509804 0.6056315104166666 0.7018382352941176 0.60009765625 0.703063725490196 0.5989583333333334 0.7047794117647059 0.5987955729166666 0.7069852941176471 0.60009765625 0.7111519607843138
30 0.6005859375 0.685906862745098 0.6038411458333334 0.6871323529411765 0.6197916666666666 0.6875 0.62158203125 0.6856617647058824 0.6212565104166666 0.6813725490196079 0.6197916666666666 0.6784313725490196 0.6053059895833334 0.678186274509804 0.5992838541666666 0.6792892156862745 0.599609375 0.6848039215686275 0.6005859375 0.685906862745098
30 0.6256510416666666 0.6881127450980392 0.6370442708333334 0.6887254901960784 0.6383463541666666 0.6876225490196078 0.63916015625 0.6857843137254902 0.6388346354166666 0.68125 0.63671875 0.6780637254901961 0.6305338541666666 0.6769607843137255 0.6243489583333334 0.6773284313725491 0.623046875 0.6779411764705883 0.6220703125 0.6810049019607843 0.62255859375 0.6856617647058824 0.6256510416666666 0.6881127450980392
30 0.6217447916666666 0.7028186274509803 0.6232096354166666 0.7037990196078432 0.6302083333333334 0.7018382352941176 0.63232421875 0.6995098039215686 0.6306966145833334 0.6893382352941176 0.6232096354166666 0.6879901960784314 0.6214192708333334 0.6892156862745098 0.6207682291666666 0.6920343137254902 0.6204427083333334 0.6998774509803921 0.6217447916666666 0.7028186274509803
30 0.6402994791666666 0.6900735294117647 0.654296875 0.6916666666666667 0.6564127604166666 0.6900735294117647 0.6570638020833334 0.6821078431372549 0.65478515625 0.6806372549019608 0.6402994791666666 0.6787990196078432 0.6385091145833334 0.6819852941176471 0.638671875 0.6884803921568627 0.6402994791666666 0.6900735294117647
30 0.6578776041666666 0.6919117647058823 0.6748046875 0.6947303921568627 0.67626953125 0.694485294117647 0.6780598958333334 0.6931372549019608 0.67919921875 0.6897058823529412 0.6793619791666666 0.6818627450980392 0.6787109375 0.6803921568627451 0.6759440104166666 0.6799019607843138 0.66162109375 0.6803921568627451 0.6578776041666666 0.6814950980392157 0.6569010416666666 0.6822303921568628 0.65673828125 0.6837009803921569 0.6565755208333334 0.6893382352941176 0.6578776041666666 0.6919117647058823
5 0.75634765625 0.6912990196078431 0.7586263020833334 0.6927696078431372 0.7862955729166666 0.6964460784313725 0.8107096354166666 0.6965686274509804 0.8126627604166666 0.6932598039215686 0.8123372395833334 0.6785539215686275 0.8107096354166666 0.6769607843137255 0.8038736979166666 0.6746323529411765 0.7903645833333334 0.6727941176470589 0.7654622395833334 0.6720588235294118 0.75830078125 0.6736519607843138 0.75634765625 0.6757352941176471 0.7550455729166666 0.6810049019607843 0.7550455729166666 0.6892156862745098 0.75634765625 0.6912990196078431
5 0.7156575520833334 0.6865196078431373 0.734375 0.6904411764705882 0.74462890625 0.6917892156862745 0.7517903645833334 0.6919117647058823 0.75439453125 0.6903186274509804 0.7550455729166666 0.6893382352941176 0.75537109375 0.6759803921568628 0.7550455729166666 0.6740196078431373 0.7529296875 0.6709558823529411 0.7151884765625001 0.6708709558823529 0.7144282226562501 0.6756446078431373 0.71435546875 0.674264705882353 0.71435546875 0.6857843137254902 0.7156575520833334 0.6865196078431373
5 0.6995442708333334 0.7105392156862745 0.7408854166666666 0.7158088235294118 0.7861328125 0.721078431372549 0.7976888020833334 0.7214460784313725 0.8001302083333334 0.7212009803921569 0.8113606770833334 0.7170343137254902 0.814453125 0.7149509803921569 0.8151041666666666 0.7137254901960784 0.8136393229166666 0.7025735294117647 0.8125 0.6995098039215686 0.8107096354166666 0.6982843137254902 0.8033854166666666 0.6962009803921568 0.7203776041666666 0.6887254901960784 0.71337890625 0.6887254901960784 0.69677734375 0.6948529411764706 0.6956380208333334 0.6959558823529411 0.6949869791666666 0.6985294117647058 0.69580078125 0.7068627450980393 0.6995442708333334 0.7105392156862745
5 0.6995442708333334 0.7267156862745098 0.7076822916666666 0.7307598039215686 0.7273763020833334 0.7361519607843138 0.7482096354166666 0.7386029411764706 0.796875 0.7428921568627451 0.8107096354166666 0.7401960784313726 0.8211263020833334 0.7350490196078432 0.8253580729166666 0.7310049019607843 0.8175455729166666 0.7204656862745098 0.8142903645833334 0.7178921568627451 0.70654296875 0.7123774509803922 0.7001953125 0.7127450980392157 0.6985677083333334 0.7133578431372549 0.6980794270833334 0.7142156862745098 0.6980794270833334 0.7242647058823529 0.6995442708333334 0.7267156862745098