14 0.087890625 0.37022058823529413 0.08837890625 0.37254901960784315 0.08919270833333333 0.3735294117647059 0.0911884765625 0.38231299019607845 0.09700602213541666 0.38275134803921573 0.0990419921875 0.3877919117647059 0.15081738281249998 0.38910686274509804 0.14994466145833332 0.37661495098039216 0.14794921875 0.37450980392156863 0.14876302083333334 0.3732843137254902 0.15006510416666666 0.3662990196078431 0.15201822916666666 0.3627450980392157 0.15348307291666666 0.35612745098039217 0.15234375 0.3321078431372549 0.15087890625 0.32855392156862745 0.14420572916666666 0.3278186274509804 0.10221354166666667 0.3269607843137255 0.08854166666666667 0.32916666666666666 0.0869140625 0.3314950980392157 0.08658854166666667 0.34987745098039214 0.087890625 0.37022058823529413
14 0.24665380859375 0.4167107843137255 0.24805419921875002 0.4167107843137255 0.2595652669270833 0.41776960784313727 0.2769806315104167 0.41678921568627453 0.2834910481770833 0.4158088235294118 0.2896759440104167 0.4125 0.29097802734375 0.4079656862745098 0.2908152669270833 0.3905637254901961 0.2891876627604167 0.3834558823529412 0.2877228190104167 0.3818627450980392 0.2800730794270833 0.3813725490196078 0.2463037109375 0.381890318627451 0.24245247395833333 0.381890318627451 0.2435027669270833 0.4159194852941176 0.24665380859375 0.4167107843137255
14 0.24674479166666666 0.4496323529411765 0.24918619791666666 0.45245098039215687 0.25146484375 0.453921568627451 0.26953125 0.45465686274509803 0.2898763020833333 0.4536764705882353 0.2919921875 0.4530637254901961 0.2936197916666667 0.4517156862745098 0.2945963541666667 0.4497549019607843 0.2945963541666667 0.4465686274509804 0.29296875 0.4252450980392157 0.2919921875 0.4189950980392157 0.2903645833333333 0.4172794117647059 0.24820963541666666 0.41740196078431374 0.24625651041666666 0.4183823529411765 0.24479166666666666 0.42830882352941174 0.24462890625 0.4323529411764706 0.24674479166666666 0.4496323529411765
14 0.15457438151041666 0.4483658088235294 0.15002294921875 0.38848504901960784 0.09925667317708332 0.38922549019607844 0.10240771484375 0.4510037990196078 0.15457438151041666 0.4483658088235294
14 0.3453854166666666 0.417502205882353 0.34188427734375 0.38057132352941175 0.2914680989583333 0.3813171568627451 0.29286865234375 0.41855735294117646 0.3453854166666666 0.417502205882353
14 0.29321875000000003 0.45364166666666667 0.34573551432291666 0.45496066176470584 0.3443349609375 0.41723835784313723 0.29304361979166665 0.41927745098039215 0.29321875000000003 0.45364166666666667
14 0.34328466796875 0.41776593137254897 0.39720198567708337 0.41855735294117646 0.39510123697916666 0.3813626225490196 0.34293457031249996 0.3805262254901961 0.34328466796875 0.41776593137254897
14 0.39860237630208334 0.4560158088235294 0.3968518880208333 0.417502205882353 0.34608561197916665 0.41927745098039215 0.34608561197916665 0.45627965686274513 0.39860237630208334 0.4560158088235294
14 0.3944010416666666 0.4182935049019608 0.4602220052083333 0.41908492647058826 0.45952180989583336 0.38057132352941175 0.3975520833333333 0.3805262254901961 0.3944010416666666 0.4182935049019608
14 0.3989524739583334 0.4565433823529412 0.45672102864583336 0.4578623774509804 0.4539200846354167 0.4272625 0.4584715169270834 0.4272625 0.4570709635416667 0.41855735294117646 0.3975520833333333 0.4208591911764706 0.3989524739583334 0.4565433823529412
14 0.45742106119791665 0.4575985294117647 0.47177571614583336 0.4589175245098039 0.46967513020833335 0.429372794117647 0.45637076822916667 0.42876752450980393 0.45742106119791665 0.4575985294117647
14 0.5260431315104167 0.40167463235294115 0.5284938151041666 0.40985220588235294 0.5323450520833334 0.4022022058823529 0.5565027669270833 0.40272977941176474 0.5547522786458333 0.3953436274509804 0.5050362955729167 0.3956074754901961 0.5057364908854166 0.4018789215686274 0.5260431315104167 0.40167463235294115
14 0.5565027669270833 0.3958712009803922 0.5558025716145834 0.3626334558823529 0.5053863932291667 0.36236960784313726 0.50626171875 0.39397058823529413 0.5565027669270833 0.3958712009803922
14 0.5565027669270833 0.3953436274509804 0.6016671549479167 0.39481605392156865 0.6013170572916667 0.36131446078431373 0.5561526692708333 0.36312781862745097 0.5565027669270833 0.3953436274509804
14 0.5631549479166666 0.42647107843137255 0.5729580078125 0.4272625 0.573658203125 0.40272977941176474 0.6030677083333333 0.4000919117647059 0.6020174153645833 0.39402463235294116 0.5593037109375 0.3935751225490196 0.558603515625 0.4037850490196078 0.5631549479166666 0.42647107843137255
14 0.5750587565104167 0.46155539215686275 0.5743585611979166 0.42805379901960783 0.5629798177083333 0.429558455882353 0.5624547526041667 0.46050024509803916 0.5750587565104167 0.46155539215686275
21 0.5315755208333334 0.7876225490196078 0.5328776041666666 0.7893382352941176 0.5607096354166666 0.7938725490196078 0.56231396484375 0.7793356617647059 0.5650537109375 0.7758953431372548 0.5650537109375 0.7641982843137255 0.5853727213541667 0.7463085784313725 0.5712179361979167 0.7435563725490196 0.5314127604166666 0.7725490196078432 0.5309244791666666 0.7756127450980392 0.53076171875 0.7846813725490196 0.5315755208333334 0.7876225490196078
21 0.5677083333333334 0.7790441176470588 0.5947265625 0.78125 0.5965169270833334 0.7803921568627451 0.5987955729166666 0.7763480392156863 0.5989583333333334 0.7578431372549019 0.59765625 0.7550245098039216 0.5953776041666666 0.7529411764705882 0.58154296875 0.7518382352941176 0.5696614583333334 0.7575980392156862 0.5662434895833334 0.7621323529411764 0.5660807291666666 0.7643382352941176 0.5662434895833334 0.7740196078431373 0.5677083333333334 0.7790441176470588
21 0.5958748372395833 0.7838080882352941 0.5632272135416666 0.7781316176470588 0.5640263671875 0.7932319852941176 0.595646484375 0.798945588235294 0.5958748372395833 0.7838080882352941
21 0.5957054036458334 0.799848406862745 0.5630579427083333 0.7941718137254902 0.56385693359375 0.8092721813725491 0.5954772135416667 0.8149857843137255 0.5957054036458334 0.799848406862745
21 0.56266015625 0.7940425245098038 0.5300126953125001 0.7883660539215687 0.5308116861979166 0.8034664215686275 0.5624319661458334 0.8091800245098039 0.56266015625 0.7940425245098038
21 0.5606643880208334 0.8080186274509804 0.5280169270833334 0.8023421568627451 0.52881591796875 0.8174425245098039 0.5604361979166667 0.8231560049019608 0.5606643880208334 0.8080186274509804
21 0.5929142252604166 0.8142539215686274 0.5602667643229167 0.8085774509803921 0.5610657552083333 0.823677818627451 0.5926860351562501 0.8293914215686274 0.5929142252604166 0.8142539215686274
21 0.5591842447916667 0.8244457107843137 0.52653662109375 0.8187691176470588 0.5273356119791667 0.8338694852941176 0.5589558919270833 0.839583088235294 0.5591842447916667 0.8244457107843137
21 0.5925755208333333 0.8296488970588236 0.5599280598958333 0.8239724264705882 0.56072705078125 0.839072794117647 0.5923473307291667 0.8447862745098039 0.5925755208333333 0.8296488970588236
21 0.5593020833333333 0.8384644607843137 0.5266544596354167 0.8327879901960784 0.5274536132812501 0.8478883578431373 0.55907373046875 0.8536019607843137 0.5593020833333333 0.8384644607843137
21 0.5920086263020833 0.8448718137254903 0.5593610026041667 0.8391953431372549 0.5601601562499999 0.8542957107843138 0.5917802734375001 0.8600093137254903 0.5920086263020833 0.8448718137254903
21 0.5577478841145833 0.8541319852941176 0.5265441080729166 0.847666911764706 0.5273430989583333 0.8627672794117647 0.55896337890625 0.8684807598039216 0.5577478841145833 0.8541319852941176
21 0.5907566731770834 0.860782843137255 0.5581090494791666 0.8551063725490196 0.558908203125 0.8702067401960784 0.5905283203125 0.8759202205882353 0.5907566731770834 0.860782843137255
30 0.7057291666666666 0.7964460784313725 0.70654296875 0.7977941176470589 0.75375634765625 0.8043547794117647 0.7542146809895834 0.8009013480392156 0.75833984375 0.7926129901960784 0.7635091145833334 0.7751225490196079 0.76708984375 0.7449754901960784 0.7662760416666666 0.7408088235294118 0.7618815104166666 0.7381127450980393 0.75537109375 0.7372549019607844 0.7410481770833334 0.7373774509803922 0.7374674479166666 0.7393382352941177 0.73095703125 0.7449754901960784 0.7091471354166666 0.7689950980392157 0.70654296875 0.7724264705882353 0.705078125 0.7774509803921569 0.7049153645833334 0.7906862745098039 0.7057291666666666 0.7964460784313725
30 0.70654296875 0.8192401960784313 0.7506510416666666 0.8246323529411764 0.7522786458333334 0.8245098039215686 0.7560221354166666 0.8219362745098039 0.7568359375 0.8139705882352941 0.7565104166666666 0.8069852941176471 0.7552083333333334 0.8024509803921569 0.72802734375 0.7986519607843138 0.7101236979166666 0.7970588235294118 0.70654296875 0.7980392156862746 0.7052408854166666 0.8001225490196079 0.705078125 0.814093137254902 0.70654296875 0.8192401960784313
30 0.7062174479166666 0.8350490196078432 0.7093098958333334 0.8394607843137255 0.7511393229166666 0.847671568627451 0.7547200520833334 0.8471813725490196 0.7586263020833334 0.845343137254902 0.759765625 0.8306372549019608 0.7584635416666666 0.8259803921568627 0.7273763020833334 0.8207107843137255 0.7141927083333334 0.8191176470588235 0.7099609375 0.8192401960784313 0.7063802083333334 0.8213235294117647 0.70556640625 0.8274509803921568 0.7062174479166666 0.8350490196078432
30 0.76904296875 0.740686274509804 0.7760416666666666 0.743014705882353 0.8011067708333334 0.7486519607843137 0.8035481770833334 0.7469362745098039 0.8151041666666666 0.7204656862745098 0.814453125 0.7170343137254902 0.7864583333333334 0.7137254901960784 0.775390625 0.714828431372549 0.7722981770833334 0.7165441176470588 0.7687174479166666 0.7205882352941176 0.7669270833333334 0.7238970588235294 0.7652994791666666 0.7297794117647058 0.765625 0.7376225490196079 0.76904296875 0.740686274509804
30 0.7692057291666666 0.7405637254901961 0.7745768229166666 0.7424019607843138 0.8006184895833334 0.7482843137254902 0.8025716145833334 0.7473039215686275 0.8037109375 0.7454656862745098 0.814453125 0.7204656862745098 0.8141276041666666 0.7174019607843137 0.7862955729166666 0.7138480392156863 0.7791341145833334 0.7142156862745098 0.7757161458333334 0.7149509803921569 0.7722981770833334 0.7169117647058824 0.7688802083333334 0.7207107843137255 0.76708984375 0.7238970588235294 0.765625 0.7299019607843137 0.76611328125 0.7378676470588236 0.7692057291666666 0.7405637254901961
30 0.8059895833333334 0.7481617647058824 0.8072916666666666 0.7497549019607843 0.8395182291666666 0.7563725490196078 0.8453776041666666 0.7571078431372549 0.86474609375 0.727328431372549 0.8640950520833334 0.7238970588235294 0.86279296875 0.7229166666666667 0.8557942708333334 0.7212009803921569 0.8323567708333334 0.7192401960784314 0.8191731770833334 0.7197303921568627 0.8142903645833334 0.7216911764705882 0.8103841145833334 0.725735294117647 0.8064778645833334 0.733578431372549 0.80517578125 0.7416666666666667 0.8050130208333334 0.7450980392156863 0.8059895833333334 0.7481617647058824
30 0.84814453125 0.7784313725490196 0.8492838541666666 0.7801470588235294 0.8557942708333334 0.7818627450980392 0.8972981770833334 0.7883578431372549 0.90087890625 0.7875 0.90234375 0.7832107843137255 0.9029947916666666 0.7764705882352941 0.9052734375 0.734313725490196 0.9036458333333334 0.7307598039215686 0.8868815104166666 0.7258578431372549 0.8792317708333334 0.7252450980392157 0.8702799479166666 0.7254901960784313 0.8678385416666666 0.7261029411764706 0.8504231770833334 0.7502450980392157 0.8470052083333334 0.7571078431372549 0.8468424479166666 0.7725490196078432 0.84814453125 0.7784313725490196
30 0.9044596354166666 0.7644607843137254 0.9322916666666666 0.7692401960784314 0.9576822916666666 0.7620098039215686 0.9620768229166666 0.7587009803921568 0.96337890625 0.7446078431372549 0.9625651041666666 0.7377450980392157 0.9596354166666666 0.7345588235294118 0.9288736979166666 0.7310049019607843 0.9075520833333334 0.7295343137254902 0.9044596354166666 0.7308823529411764 0.9007161458333334 0.7438725490196079 0.9013671875 0.758578431372549 0.9044596354166666 0.7644607843137254
30 0.7664388020833334 0.7582107843137255 0.7685546875 0.7594362745098039 0.7794596354166666 0.7622549019607843 0.7967122395833334 0.7653186274509803 0.8038736979166666 0.7653186274509803 0.8053385416666666 0.7616421568627451 0.80615234375 0.7517156862745098 0.8037109375 0.7487745098039216 0.7898763020833334 0.7447303921568628 0.7724609375 0.7415441176470589 0.76904296875 0.7416666666666667 0.7683919270833334 0.7421568627450981 0.76611328125 0.7482843137254902 0.7654622395833334 0.75625 0.7664388020833334 0.7582107843137255
30 0.8092447916666666 0.7660539215686275 0.8419596354166666 0.7730392156862745 0.8453776041666666 0.772671568627451 0.8463541666666666 0.7674019607843138 0.8465169270833334 0.7579656862745098 0.84521484375 0.7556372549019608 0.8157552083333334 0.7491421568627451 0.810546875 0.7492647058823529 0.8082682291666666 0.7507352941176471 0.80712890625 0.7529411764705882 0.8068033854166666 0.7623774509803921 0.8092447916666666 0.7660539215686275
30 0.904296875 0.7878676470588235 0.90869140625 0.7900735294117647 0.9215494791666666 0.7912990196078431 0.9249674479166666 0.7908088235294117 0.9348958333333334 0.7689950980392157 0.9083658854166666 0.7645833333333333 0.9049479166666666 0.765563725490196 0.9033203125 0.7681372549019608 0.9033203125 0.7865196078431372 0.904296875 0.7878676470588235
30 0.76904296875 0.7490196078431373 0.7744140625 0.7487745098039216 0.7763671875 0.7481617647058824 0.77587890625 0.7447303921568628 0.76904296875 0.74375 0.7682291666666666 0.745343137254902 0.7677408854166666 0.7481617647058824 0.76904296875 0.7490196078431373
30 0.765625 0.7753676470588236 0.8001302083333334 0.7832107843137255 0.8014322916666666 0.7825980392156863 0.80322265625 0.7799019607843137 0.8050130208333334 0.7729166666666667 0.8050130208333334 0.76875 0.8035481770833334 0.765686274509804 0.7688802083333334 0.7587009803921568 0.767578125 0.7596813725490196 0.7654622395833334 0.7637254901960784 0.7643229166666666 0.76875 0.76416015625 0.7725490196078432 0.765625 0.7753676470588236
30 0.7615481770833333 0.7922676470588236 0.79959130859375 0.8005560049019608 0.8018829752604167 0.7843247549019609 0.7633816731770833 0.7760365196078431 0.7615481770833333 0.7922676470588236
30 0.7597615559895834 0.8102591911764706 0.7978046875000001 0.8185474264705882 0.8000963541666667 0.8023162990196078 0.7615950520833333 0.7940279411764706 0.7597615559895834 0.8102591911764706
30 0.7598551432291667 0.8282841911764706 0.7978981119791667 0.8365724264705882 0.80018994140625 0.8203412990196078 0.7616884765625 0.8120530637254902 0.7598551432291667 0.8282841911764706
30 0.7603601888020833 0.8459302696078431 0.7984031575520834 0.8542185049019607 0.8006949869791667 0.8379873774509804 0.7621936848958333 0.8296991421568628 0.7603601888020833 0.8459302696078431
30 0.7599485677083333 0.8635764705882353 0.7979915364583333 0.871864705882353 0.8002833658854166 0.8556335784313726 0.7617820638020834 0.8473452205882354 0.7599485677083333 0.8635764705882353
30 0.7604537760416666 0.8798411764705882 0.7984967447916667 0.888129411764706 0.80078857421875 0.8718982843137254 0.762287109375 0.8636100490196078 0.7604537760416666 0.8798411764705882
30 0.7609588216145834 0.8981779411764705 0.7990017903645833 0.9064661764705882 0.8012936197916667 0.8902350490196078 0.7627923177083332 0.8819468137254901 0.7609588216145834 0.8981779411764705
30 0.7623806966145833 0.9151333333333334 0.8004236653645833 0.9234216911764705 0.8027154947916667 0.9071904411764706 0.7642140299479167 0.898902205882353 0.7623806966145833 0.9151333333333334
30 0.8050540364583334 0.783936274509804 0.8430970052083334 0.7922245098039216 0.8453888346354167 0.7759933823529411 0.8068873697916666 0.7677051470588235 0.8050540364583334 0.783936274509804
30 0.8032672526041668 0.7998556372549019 0.8413103841145834 0.8081438725490195 0.8436020507812501 0.7919127450980392 0.8051007486979166 0.7836245098039216 0.8032672526041668 0.7998556372549019
30 0.8014806315104166 0.8168110294117646 0.8395237630208333 0.825099387254902 0.8418154296874999 0.8088681372549019 0.8033141276041667 0.8005799019607843 0.8014806315104166 0.8168110294117646
30 0.7996940104166667 0.8344572303921569 0.8377371419270833 0.8427454656862745 0.84002880859375 0.8265142156862745 0.8015275065104167 0.8182259803921569 0.7996940104166667 0.8344572303921569
30 0.7983657226562499 0.8521033088235294 0.8364086914062501 0.8603915441176471 0.8387005208333332 0.8441604166666666 0.8001990559895833 0.8358721813725489 0.7983657226562499 0.8521033088235294
30 0.7984124348958334 0.8694040441176472 0.83645556640625 0.8776922794117648 0.8387472330729167 0.8614611519607843 0.8002459309895834 0.8531729166666666 0.7984124348958334 0.8694040441176472
30 0.7998343098958333 0.88566875 0.8378772786458333 0.8939571078431372 0.8401691080729167 0.8777258578431373 0.8016676432291666 0.8694376225490196 0.7998343098958333 0.88566875
30 0.8007976888020832 0.9029696078431373 0.8388408203125 0.9112578431372549 0.8411324869791666 0.8950267156862745 0.8026311848958333 0.8867383578431373 0.8007976888020832 0.9029696078431373
30 0.7999277343750001 0.9216517156862745 0.8379708658854167 0.9299399509803922 0.8402625325520834 0.9137088235294117 0.8017612304687499 0.9054205882352941 0.7999277343750001 0.9216517156862745
30 0.84542626953125 0.8029734068627451 0.8990532226562501 0.8117785539215686 0.9013448893229167 0.7891595588235295 0.8481013997395833 0.7787128676470588 0.84542626953125 0.8029734068627451
30 0.8436396484375001 0.8285623774509805 0.8972666015624999 0.8373675245098039 0.8995582682291667 0.8147486519607844 0.8463147786458333 0.8043019607843137 0.8436396484375001 0.8285623774509805
30 0.84185302734375 0.849661887254902 0.89547998046875 0.8584671568627451 0.8977716471354166 0.8358481617647059 0.8445281575520833 0.8254014705882353 0.84185302734375 0.849661887254902
30 0.83823291015625 0.8721428921568627 0.8918598632812501 0.8809480392156863 0.8941516927083333 0.8583290441176471 0.8409080403645833 0.8478823529411765 0.83823291015625 0.8721428921568627
30 0.8382796223958334 0.8956598039215686 0.8919065755208333 0.9044650735294119 0.8941984049479167 0.8818460784313725 0.8409547526041666 0.871399387254902 0.8382796223958334 0.8956598039215686
30 0.8408427734375 0.9171084558823529 0.8924117838541666 0.9276366421568628 0.8947034505208333 0.9050176470588236 0.8414599609375001 0.8945709558823529 0.8408427734375 0.9171084558823529
30 0.8390094401041667 0.9323036764705882 0.8933751627604166 0.9477002450980393 0.8912612304687499 0.9274687500000001 0.8424233398437501 0.9146345588235294 0.8390094401041667 0.9323036764705882
30 0.9029947916666666 0.8126225490196078 0.90771484375 0.8138480392156863 0.9249674479166666 0.8158088235294118 0.9267578125 0.8149509803921569 0.9287109375 0.8127450980392157 0.9293619791666666 0.8107843137254902 0.9300130208333334 0.8074754901960784 0.9295247395833334 0.803921568627451 0.9264322916666666 0.7959558823529411 0.92529296875 0.7942401960784313 0.92236328125 0.792156862745098 0.91162109375 0.7908088235294117 0.9046223958333334 0.7912990196078431 0.9029947916666666 0.7941176470588235 0.90185546875 0.8 0.9015299479166666 0.8110294117647059 0.9029947916666666 0.8126225490196078
30 0.9007161458333334 0.836764705882353 0.9117838541666666 0.8388480392156863 0.92529296875 0.8403186274509804 0.9267578125 0.8384803921568628 0.9274088541666666 0.8355392156862745 0.92822265625 0.8215686274509804 0.9265950520833334 0.8159313725490196 0.9254557291666666 0.8151960784313725 0.90380859375 0.8139705882352941 0.9010416666666666 0.8153186274509804 0.900390625 0.8176470588235294 0.8992513020833334 0.8350490196078432 0.9007161458333334 0.836764705882353
30 0.8977864583333334 0.859313725490196 0.90087890625 0.8606617647058824 0.91455078125 0.8638480392156863 0.92529296875 0.8650735294117647 0.9267578125 0.8435049019607843 0.9267578125 0.8415441176470588 0.9254557291666666 0.8387254901960784 0.9010416666666666 0.8376225490196079 0.8990885416666666 0.8416666666666667 0.8971354166666666 0.8557598039215686 0.8977864583333334 0.859313725490196