14 0.6413943684895833 0.4184515931372549 0.6714835611979167 0.41529497549019606 0.6695792643229167 0.3860238970588235 0.6370143229166666 0.3887261029411765 0.6413943684895833 0.4184515931372549
14 0.6722452799479166 0.4141470588235294 0.72480615234375 0.4081207107843137 0.72252099609375 0.37999754901960786 0.6678652343749999 0.3848545343137255 0.6722452799479166 0.4141470588235294
14 0.72480615234375 0.4081207107843137 0.74803955078125 0.4078337009803921 0.7468969726562501 0.41213823529411764 0.7750818684895834 0.40926850490196076 0.7678450520833334 0.377127818627451 0.7238540039062501 0.3818433823529412 0.72480615234375 0.4081207107843137
14 0.782318359375 0.41701678921568625 0.8127884114583334 0.41730379901960785 0.8108841145833333 0.3802844362745098 0.7701303710937499 0.3792623774509804 0.7762244466145832 0.4098425245098039 0.782318359375 0.41701678921568625
14 0.644822265625 0.43911348039215686 0.6695792643229167 0.43911348039215686 0.6699601236979166 0.44686176470588235 0.6783393554687499 0.44714865196078435 0.6741497395833332 0.4167297794117647 0.64215625 0.4201281862745098 0.644822265625 0.43911348039215686
14 0.67605419921875 0.444565931372549 0.6935743815104166 0.4434181372549019 0.6912890625 0.41299914215686273 0.6718644205729167 0.41539632352941175 0.67605419921875 0.444565931372549
14 0.6939552408854167 0.4434181372549019 0.7495631510416666 0.43997438725490196 0.74575439453125 0.4072598039215686 0.6912890625 0.41152487745098043 0.6939552408854167 0.4434181372549019
14 0.7491822916666666 0.4405484068627451 0.7830802408854166 0.4394004901960784 0.77965234375 0.40926850490196076 0.74727783203125 0.41152487745098043 0.7491822916666666 0.4405484068627451
14 0.7842228190104167 0.43825257352941177 0.8070753580729167 0.43825257352941177 0.80712890625 0.4513480392156863 0.8142903645833334 0.4513480392156863 0.8154296875 0.4508578431372549 0.8162434895833334 0.44865196078431374 0.8142903645833334 0.4285539215686274 0.8131510416666666 0.42034313725490197 0.8113606770833334 0.41678921568627453 0.8102213541666666 0.4161764705882353 0.80029296875 0.41507352941176473 0.7853190104166666 0.41482843137254904 0.78173828125 0.4153186274509804 0.7802734375 0.4172794117647059 0.7801106770833334 0.42512254901960783 0.7842228190104167 0.43825257352941177
14 0.6992874348958332 0.4457138480392157 0.7041015625 0.4738970588235294 0.7057291666666666 0.47487745098039214 0.7522786458333334 0.4738970588235294 0.75390625 0.46433823529411766 0.7537434895833334 0.4426470588235294 0.748046875 0.44056372549019607 0.7444661458333334 0.44019607843137254 0.70654296875 0.44227941176470587 0.6953125 0.4443627450980392 0.6920572916666666 0.44546568627450983 0.6910807291666666 0.44607843137254904 0.6992874348958332 0.4457138480392157
14 0.7052408854166666 0.5020833333333333 0.7063802083333334 0.5063725490196078 0.7080078125 0.5083333333333333 0.7125651041666666 0.5089460784313725 0.74072265625 0.5088235294117647 0.7548828125 0.5064950980392157 0.7565104166666666 0.5052696078431372 0.7555338541666666 0.48075980392156864 0.7530924479166666 0.47573529411764703 0.7516276041666666 0.4742647058823529 0.70654296875 0.4751225490196078 0.7041015625 0.4800245098039216 0.7032877604166666 0.48455882352941176 0.7052408854166666 0.5020833333333333
14 0.7058919270833334 0.5365196078431372 0.7078450520833334 0.5403186274509804 0.7097981770833334 0.5420343137254902 0.7171223958333334 0.5424019607843137 0.7587890625 0.5399509803921568 0.759765625 0.5393382352941176 0.7610677083333334 0.5362745098039216 0.7579752604166666 0.5087009803921568 0.755859375 0.5068627450980392 0.7550455729166666 0.5064950980392157 0.7063802083333334 0.5101715686274509 0.7052408854166666 0.5118872549019607 0.7058919270833334 0.5365196078431372
14 0.7552083333333334 0.4704656862745098 0.75732421875 0.4721813725490196 0.76123046875 0.47291666666666665 0.77978515625 0.47316176470588234 0.8011067708333334 0.47267156862745097 0.80712890625 0.4716911764705882 0.8074544270833334 0.4530637254901961 0.80419921875 0.44424019607843135 0.80126953125 0.4417892156862745 0.796875 0.44019607843137254 0.7828776041666666 0.4389705882352941 0.7569986979166666 0.442156862745098 0.7548828125 0.4426470588235294 0.7540690104166666 0.44424019607843135 0.75390625 0.46041666666666664 0.7552083333333334 0.4704656862745098
14 0.7586263020833334 0.504656862745098 0.76025390625 0.5060049019607843 0.76220703125 0.5067401960784313 0.8079427083333334 0.5052696078431372 0.8103841145833334 0.4939950980392157 0.8097330729166666 0.48504901960784313 0.80712890625 0.4724264705882353 0.7685546875 0.4725490196078431 0.7584635416666666 0.47401960784313724 0.75634765625 0.47610294117647056 0.7574869791666666 0.4979166666666667 0.7586263020833334 0.504656862745098
14 0.76171875 0.5365196078431372 0.763671875 0.5386029411764706 0.76513671875 0.5392156862745098 0.7727864583333334 0.5394607843137255 0.8009440104166666 0.538235294117647 0.8038736979166666 0.5378676470588235 0.80908203125 0.535171568627451 0.8103841145833334 0.5329656862745098 0.8107096354166666 0.5151960784313725 0.8087565104166666 0.508578431372549 0.80712890625 0.5071078431372549 0.80029296875 0.5056372549019608 0.7654622395833334 0.5063725490196078 0.7609049479166666 0.506985294117647 0.7587890625 0.5083333333333333 0.7599283854166666 0.5276960784313726 0.76171875 0.5365196078431372
14 0.8121744791666666 0.4917892156862745 0.8141276041666666 0.4948529411764706 0.83154296875 0.4950980392156863 0.845703125 0.49436274509803924 0.86279296875 0.4919117647058823 0.8621419270833334 0.4633578431372549 0.8614908854166666 0.4564950980392157 0.8592122395833334 0.4530637254901961 0.8548177083333334 0.4525735294117647 0.8173828125 0.4531862745098039 0.810546875 0.45465686274509803 0.8087565104166666 0.45625 0.8076171875 0.4588235294117647 0.8102213541666666 0.4823529411764706 0.8121744791666666 0.4917892156862745
14 0.81298828125 0.5325980392156863 0.8141276041666666 0.5340686274509804 0.82080078125 0.5355392156862745 0.84228515625 0.5346813725490196 0.86279296875 0.5323529411764706 0.8663736979166666 0.5307598039215686 0.8670247395833334 0.5290441176470588 0.8645833333333334 0.4979166666666667 0.86279296875 0.49411764705882355 0.81689453125 0.495343137254902 0.8126627604166666 0.4963235294117647 0.8108723958333334 0.4980392156862745 0.8102213541666666 0.5002450980392157 0.8115234375 0.5234068627450981 0.81298828125 0.5325980392156863