7 0.4415690104166667 0.7848039215686274 0.4425455729166667 0.7865196078431372 0.4806315104166667 0.7935049019607843 0.5087890625 0.7927696078431372 0.5109049479166666 0.7920343137254902 0.51318359375 0.7899509803921568 0.5126953125 0.7718137254901961 0.51171875 0.7691176470588236 0.51025390625 0.7682598039215687 0.4425455729166667 0.7644607843137254 0.4401041666666667 0.7705882352941177 0.43994140625 0.7764705882352941 0.4415690104166667 0.7848039215686274
7 0.4404296875 0.765563725490196 0.4425455729166667 0.7682598039215687 0.4459635416666667 0.7689950980392157 0.4734700520833333 0.7699754901960785 0.501953125 0.7699754901960785 0.5086263020833334 0.7691176470588236 0.5110677083333334 0.765686274509804 0.5107421875 0.7447303921568628 0.5086263020833334 0.7432598039215687 0.4425455729166667 0.745343137254902 0.43994140625 0.7481617647058824 0.4392903645833333 0.7621323529411764 0.4404296875 0.765563725490196
7 0.4441731770833333 0.7415441176470589 0.4459635416666667 0.74375 0.5086263020833334 0.7424019607843138 0.51318359375 0.7395833333333334 0.5148111979166666 0.7377450980392157 0.51416015625 0.7169117647058824 0.51220703125 0.7159313725490196 0.4454752604166667 0.7183823529411765 0.443359375 0.7189950980392157 0.4427083333333333 0.7199754901960784 0.4431966145833333 0.7379901960784314 0.4441731770833333 0.7415441176470589
7 0.4425455729166667 0.7174019607843137 0.443359375 0.7182598039215686 0.4459635416666667 0.7189950980392157 0.4807942708333333 0.7209558823529412 0.5120442708333334 0.7161764705882353 0.5148111979166666 0.7134803921568628 0.5144856770833334 0.7028186274509803 0.5123697916666666 0.7011029411764705 0.48828125 0.7012254901960784 0.4461263020833333 0.7042892156862746 0.4427083333333333 0.7056372549019608 0.4420572916666667 0.7063725490196079 0.4425455729166667 0.7174019607843137
7 0.5125325520833334 0.7909313725490196 0.5152994791666666 0.7924019607843137 0.52392578125 0.7927696078431372 0.54638671875 0.789828431372549 0.5481770833333334 0.7756127450980392 0.5470377604166666 0.7442401960784314 0.54541015625 0.7411764705882353 0.54345703125 0.7399509803921569 0.5187174479166666 0.7399509803921569 0.515625 0.740686274509804 0.5120442708333334 0.7447303921568628 0.51171875 0.789828431372549 0.5125325520833334 0.7909313725490196
7 0.4078776041666667 0.38443627450980394 0.4427083333333333 0.38419117647058826 0.4532877604166667 0.3834558823529412 0.4560546875 0.38198529411764703 0.4571940104166667 0.38002450980392155 0.4601236979166667 0.3662990196078431 0.4601236979166667 0.36066176470588235 0.4593098958333333 0.360171568627451 0.4078776041666667 0.3573529411764706 0.4060872395833333 0.36936274509803924 0.4059244791666667 0.377328431372549 0.4078776041666667 0.38443627450980394
7 0.40625 0.4045343137254902 0.4078776041666667 0.40637254901960784 0.4430338541666667 0.40526960784313726 0.44970703125 0.4034313725490196 0.453125 0.4013480392156863 0.45458984375 0.3909313725490196 0.4544270833333333 0.38357843137254904 0.4532877604166667 0.382843137254902 0.4078776041666667 0.3824754901960784 0.4052734375 0.3889705882352941 0.4049479166666667 0.39215686274509803 0.40625 0.4045343137254902
7 0.4055989583333333 0.4343137254901961 0.4075520833333333 0.4354166666666667 0.4529622395833333 0.4303921568627451 0.4537760416666667 0.4290441176470588 0.4562174479166667 0.4116421568627451 0.45556640625 0.40894607843137254 0.4534505208333333 0.4073529411764706 0.4078776041666667 0.40661764705882353 0.4059244791666667 0.40955882352941175 0.4041341145833333 0.42340686274509803 0.4046223958333333 0.4325980392156863 0.4055989583333333 0.4343137254901961
7 0.4078776041666667 0.44718137254901963 0.4436848958333333 0.4474264705882353 0.4498697916666667 0.4470588235294118 0.453125 0.4455882352941177 0.4541015625 0.43566176470588236 0.4529622395833333 0.43186274509803924 0.4283854166666667 0.43161764705882355 0.4078776041666667 0.43419117647058825 0.4059244791666667 0.4377450980392157 0.40673828125 0.4462009803921569 0.4078776041666667 0.44718137254901963
7 0.61962890625 0.41299019607843135 0.6201171875 0.41421568627450983 0.62158203125 0.4149509803921569 0.66259765625 0.4151960784313726 0.7137044270833334 0.4133578431372549 0.7154947916666666 0.41151960784313724 0.71630859375 0.40122549019607845 0.7161458333333334 0.3900735294117647 0.71484375 0.3834558823529412 0.7135416666666666 0.38198529411764703 0.6897786458333334 0.3801470588235294 0.67529296875 0.3799019607843137 0.6472981770833334 0.38026960784313724 0.6266276041666666 0.38198529411764703 0.6219075520833334 0.38357843137254904 0.61962890625 0.3881127450980392 0.6188151041666666 0.39338235294117646 0.61865234375 0.4019607843137255 0.61962890625 0.41299019607843135
7 0.5799153645833334 0.17916666666666667 0.5812174479166666 0.18909313725490196 0.5849609375 0.19166666666666668 0.595703125 0.191421568627451 0.6720377604166666 0.1829656862745098 0.68212890625 0.18026960784313725 0.68359375 0.17892156862745098 0.6748046875 0.14730392156862746 0.6735026041666666 0.14448529411764705 0.671875 0.1435049019607843 0.66162109375 0.14387254901960783 0.5813802083333334 0.1545343137254902 0.57861328125 0.15784313725490196 0.5799153645833334 0.17916666666666667
7 0.71337890625 0.19595588235294117 0.7166341145833334 0.19754901960784313 0.7272135416666666 0.1971813725490196 0.80712890625 0.19117647058823528 0.8107096354166666 0.18946078431372548 0.80810546875 0.16151960784313726 0.80615234375 0.15845588235294117 0.8037109375 0.1571078431372549 0.7848307291666666 0.1571078431372549 0.7273763020833334 0.1616421568627451 0.7164713541666666 0.16311274509803922 0.7132161458333334 0.16458333333333333 0.7127278645833334 0.16605392156862744 0.7127278645833334 0.1892156862745098 0.71337890625 0.19595588235294117
7 0.5960286458333334 0.2243872549019608 0.59716796875 0.22830882352941176 0.5989583333333334 0.2301470588235294 0.6927083333333334 0.22242647058823528 0.6946614583333334 0.22058823529411764 0.69482421875 0.216421568627451 0.6907552083333334 0.1857843137254902 0.6892903645833334 0.18308823529411763 0.6863606770833334 0.1821078431372549 0.68212890625 0.1818627450980392 0.6539713541666666 0.18443627450980393 0.61279296875 0.1892156862745098 0.59619140625 0.19264705882352942 0.5940755208333334 0.19424019607843138 0.5934244791666666 0.19558823529411765 0.59326171875 0.19963235294117648 0.5960286458333334 0.2243872549019608
7 0.59814453125 0.2655637254901961 0.59912109375 0.266421568627451 0.6033528645833334 0.2667892156862745 0.6725260416666666 0.2655637254901961 0.6930338541666666 0.2644607843137255 0.6959635416666666 0.26348039215686275 0.6974283854166666 0.2621323529411765 0.6975911458333334 0.254656862745098 0.69384765625 0.22389705882352942 0.6927083333333334 0.22291666666666668 0.6897786458333334 0.22205882352941175 0.6861979166666666 0.22144607843137254 0.68017578125 0.22169117647058822 0.61279296875 0.22708333333333333 0.6027018229166666 0.22953431372549019 0.599609375 0.23088235294117648 0.5974934895833334 0.23431372549019608 0.5973307291666666 0.2403186274509804 0.5973307291666666 0.2604166666666667 0.59814453125 0.2655637254901961
7 0.7234700520833334 0.22034313725490196 0.72607421875 0.22745098039215686 0.7283528645833334 0.22916666666666666 0.7316080729166666 0.23026960784313724 0.7342122395833334 0.23075980392156864 0.7488606770833334 0.23051470588235295 0.8006184895833334 0.22794117647058823 0.810546875 0.22622549019607843 0.8126627604166666 0.22401960784313726 0.8142903645833334 0.21752450980392157 0.81591796875 0.2 0.8157552083333334 0.19583333333333333 0.8141276041666666 0.19350490196078432 0.8108723958333334 0.19276960784313726 0.8048502604166666 0.19252450980392158 0.77587890625 0.19325980392156863 0.73486328125 0.19620098039215686 0.7303059895833334 0.19693627450980392 0.7229817708333334 0.19950980392156864 0.7228190104166666 0.2170343137254902 0.7234700520833334 0.22034313725490196
5 0.23291015625 0.5225490196078432 0.23095703125 0.5259803921568628 0.23209635416666666 0.5284313725490196 0.2314453125 0.5441176470588235 0.23160807291666666 0.5470588235294118 0.232421875 0.5486519607843138 0.234375 0.5503676470588236 0.24104817708333334 0.5511029411764706 0.2628580729166667 0.5514705882352942 0.2701822916666667 0.5504901960784314 0.2732747395833333 0.5475490196078432 0.2737630208333333 0.5449754901960784 0.2724609375 0.524264705882353 0.2734375 0.5121323529411764 0.2732747395833333 0.504656862745098 0.2722981770833333 0.5007352941176471 0.26953125 0.49901960784313726 0.265625 0.4982843137254902 0.2635091145833333 0.4985294117647059 0.2591145833333333 0.4979166666666667 0.2516276041666667 0.49779411764705883 0.24169921875 0.49865196078431373 0.23779296875 0.49840686274509804 0.23583984375 0.4993872549019608 0.234375 0.5014705882352941 0.234375 0.5128676470588235 0.23291015625 0.5225490196078432
5 0.4267578125 0.533578431372549 0.4287109375 0.5362745098039216 0.4689127604166667 0.5360294117647059 0.4806315104166667 0.5370098039215686 0.49169921875 0.5363970588235294 0.49853515625 0.5368872549019608 0.5022786458333334 0.5345588235294118 0.5032552083333334 0.5330882352941176 0.5047200520833334 0.5230392156862745 0.5032552083333334 0.5191176470588236 0.5016276041666666 0.5183823529411765 0.49267578125 0.5181372549019608 0.484375 0.5153186274509803 0.466796875 0.5137254901960784 0.44956233723958333 0.514828431372549 0.4425455729166667 0.5149509803921568 0.4357096354166667 0.5144607843137254 0.4296875 0.5161764705882353 0.4270833333333333 0.5186274509803922 0.42626953125 0.5214460784313726 0.42529296875 0.5261029411764706 0.4267578125 0.533578431372549
5 0.4287109375 0.5422794117647058 0.4283854166666667 0.5439950980392156 0.4298502604166667 0.5536764705882353 0.43212890625 0.5556372549019608 0.48681640625 0.5567401960784314 0.4915364583333333 0.5573529411764706 0.4951171875 0.5550245098039216 0.4957682291666667 0.553921568627451 0.49365234375 0.5506127450980393 0.4944661458333333 0.5487745098039216 0.49658203125 0.5484068627450981 0.4972330729166667 0.5474264705882353 0.4990234375 0.5474264705882353 0.49951171875 0.5481617647058824 0.5016276041666666 0.5484068627450981 0.5027669270833334 0.546936274509804 0.5030924479166666 0.5397058823529411 0.5016276041666666 0.5381127450980392 0.4996744791666667 0.5390931372549019 0.49853515625 0.5417892156862745 0.4977213541666667 0.5417892156862745 0.49658203125 0.5394607843137255 0.4952799479166667 0.5383578431372549 0.4913736979166667 0.5375 0.4851888020833333 0.5379901960784313 0.4773763020833333 0.5377450980392157 0.4705403645833333 0.5387254901960784 0.4661458333333333 0.5379901960784313 0.4637044270833333 0.5362745098039216 0.4606119791666667 0.5375 0.4562174479166667 0.5375 0.4524739583333333 0.5371323529411764 0.4501953125 0.5362745098039216 0.4480794270833333 0.5363970588235294 0.4464518229166667 0.5371323529411764 0.44287109375 0.535906862745098 0.43408203125 0.5362745098039216 0.4308268229166667 0.5375 0.4306640625 0.539828431372549 0.4287109375 0.5422794117647058
5 0.4332682291666667 0.5727941176470588 0.4391276041666667 0.5736519607843137 0.4427083333333333 0.5731617647058823 0.4459635416666667 0.5742647058823529 0.4505208333333333 0.5741421568627451 0.4523111979166667 0.5746323529411764 0.4597981770833333 0.573406862745098 0.48779296875 0.5765931372549019 0.4910481770833333 0.5758578431372549 0.4947916666666667 0.575735294117647 0.4970703125 0.5745098039215686 0.50048828125 0.5644607843137255 0.5 0.5572303921568628 0.498046875 0.5566176470588236 0.4951171875 0.5574754901960784 0.4915364583333333 0.555514705882353 0.48779296875 0.5544117647058824 0.486328125 0.5546568627450981 0.4739583333333333 0.5526960784313726 0.4599609375 0.5520833333333334 0.4573567708333333 0.5534313725490196 0.4552408854166667 0.5534313725490196 0.4527994791666667 0.5525735294117647 0.44970703125 0.5542892156862745 0.44580078125 0.5540441176470589 0.4373372395833333 0.5551470588235294 0.4345703125 0.5551470588235294 0.43212890625 0.5541666666666667 0.4295247395833333 0.5569852941176471 0.4290364583333333 0.5607843137254902 0.4288736979166667 0.5712009803921568 0.4332682291666667 0.5727941176470588
5 0.44921875 0.5947303921568627 0.4430338541666667 0.5955882352941176 0.4306640625 0.5957107843137255 0.4287109375 0.5948529411764706 0.4288736979166667 0.6024509803921568 0.43017578125 0.609313725490196 0.4322916666666667 0.6104166666666667 0.4435221354166667 0.609436274509804 0.4505208333333333 0.6105392156862746 0.4638671875 0.6082107843137254 0.4669596354166667 0.6098039215686275 0.4812825520833333 0.6109068627450981 0.4855143229166667 0.6091911764705882 0.4879557291666667 0.6090686274509803 0.4903971354166667 0.6074754901960784 0.4912109375 0.6056372549019607 0.4910481770833333 0.5990196078431372 0.48779296875 0.5936274509803922 0.4869791666666667 0.5952205882352941 0.484375 0.5963235294117647 0.4737955729166667 0.595343137254902 0.4703776041666667 0.5936274509803922 0.46728515625 0.5941176470588235 0.4597981770833333 0.5938725490196078 0.4562174479166667 0.5950980392156863 0.44921875 0.5947303921568627
5 0.4287109375 0.5963235294117647 0.4314778645833333 0.5966911764705882 0.4397786458333333 0.5964460784313725 0.4456380208333333 0.5954656862745098 0.44970703125 0.596078431372549 0.4547526041666667 0.5941176470588235 0.45751953125 0.5936274509803922 0.4588216145833333 0.5925245098039216 0.46875 0.5931372549019608 0.470703125 0.59375 0.4737955729166667 0.5959558823529412 0.47705078125 0.5955882352941176 0.4803059895833333 0.5963235294117647 0.48388671875 0.5959558823529412 0.48779296875 0.5965686274509804 0.4890950520833333 0.5954656862745098 0.4908854166666667 0.5810049019607844 0.4900716145833333 0.578063725490196 0.48779296875 0.5762254901960784 0.4833984375 0.5759803921568627 0.4775390625 0.5746323529411764 0.47021484375 0.5752450980392156 0.4664713541666667 0.5743872549019607 0.4637044270833333 0.5751225490196078 0.458984375 0.5753676470588235 0.4337565104166667 0.5743872549019607 0.4287109375 0.5732843137254902 0.42724609375 0.578063725490196 0.4269205729166667 0.5919117647058824 0.4287109375 0.5963235294117647
5 0.6223958333333334 0.42512254901960783 0.6233723958333334 0.4285539215686274 0.6223958333333334 0.43247549019607845 0.6240234375 0.44338235294117645 0.625 0.4452205882352941 0.6263020833333334 0.4462009803921569 0.6305338541666666 0.44632352941176473 0.63525390625 0.4455882352941177 0.6404622395833334 0.44607843137254904 0.650390625 0.4455882352941177 0.6544596354166666 0.4459558823529412 0.6575520833333334 0.4468137254901961 0.66650390625 0.4462009803921569 0.70654296875 0.44669117647058826 0.7161458333333334 0.44607843137254904 0.7171223958333334 0.4457107843137255 0.7185872395833334 0.44375 0.7189127604166666 0.4183823529411765 0.7164713541666666 0.41605392156862747 0.7145182291666666 0.41568627450980394 0.69580078125 0.41544117647058826 0.6455891927083334 0.41605392156862747 0.64013671875 0.4155637254901961 0.6349283854166666 0.416421568627451 0.62646484375 0.41678921568627453 0.6238606770833334 0.41825980392156864 0.62353515625 0.42254901960784313 0.6223958333333334 0.42512254901960783
5 0.4567057291666667 0.3905637254901961 0.458984375 0.39362745098039215 0.4602864583333333 0.39791666666666664 0.4632161458333333 0.3996323529411765 0.4640299479166667 0.39889705882352944 0.46484375 0.39644607843137253 0.4674479166666667 0.3954656862745098 0.4694010416666667 0.3932598039215686 0.4728190104166667 0.391421568627451 0.4803059895833333 0.38995098039215687 0.4845377604166667 0.3911764705882353 0.4912109375 0.3894607843137255 0.4931640625 0.3730392156862745 0.4934895833333333 0.34852941176470587 0.4923502604166667 0.3457107843137255 0.4933268229166667 0.3422794117647059 0.49267578125 0.34129901960784315 0.4807942708333333 0.33848039215686276 0.4765625 0.33872549019607845 0.4669596354166667 0.33725490196078434 0.4658203125 0.3379901960784314 0.4638671875 0.35355392156862747 0.45751953125 0.3770833333333333 0.4562174479166667 0.38357843137254904 0.4567057291666667 0.3905637254901961
5 0.4080403645833333 0.34154411764705883 0.40869140625 0.3477941176470588 0.40869140625 0.3533088235294118 0.4080403645833333 0.35637254901960785 0.4090169270833333 0.35955882352941176 0.4109700520833333 0.3611519607843137 0.41650390625 0.3588235294117647 0.4208984375 0.3584558823529412 0.4290364583333333 0.35919117647058824 0.4386393229166667 0.3610294117647059 0.4441731770833333 0.3596813725490196 0.4599609375 0.36004901960784313 0.4635416666666667 0.3518382352941177 0.46484375 0.34620098039215685 0.4651692708333333 0.3383578431372549 0.462890625 0.335906862745098 0.4599609375 0.3348039215686274 0.45068359375 0.3344362745098039 0.4239908854166667 0.33455882352941174 0.4142252604166667 0.33370098039215684 0.4114583333333333 0.33259803921568626 0.4070638020833333 0.33455882352941174 0.4069010416666667 0.3377450980392157 0.4080403645833333 0.34154411764705883
5 0.2967122395833333 0.3142156862745098 0.2976888020833333 0.3159313725490196 0.2999674479166667 0.317156862745098 0.3238932291666667 0.3178921568627451 0.32763671875 0.31875 0.3395182291666667 0.31838235294117645 0.341796875 0.31899509803921566 0.345703125 0.3180147058823529 0.3489583333333333 0.3178921568627451 0.35302734375 0.3191176470588235 0.3557942708333333 0.3188725490196078 0.3590494791666667 0.3174019607843137 0.36279296875 0.3180147058823529 0.3751627604166667 0.3167892156862745 0.376953125 0.31605392156862744 0.3779296875 0.31433823529411764 0.3751627604166667 0.31090686274509804 0.37353515625 0.30723039215686276 0.3712565104166667 0.30551470588235297 0.3689778645833333 0.30049019607843136 0.3655598958333333 0.29926470588235293 0.3440755208333333 0.2977941176470588 0.3419596354166667 0.29705882352941176 0.3043619791666667 0.2959558823529412 0.3017578125 0.29669117647058824 0.30029296875 0.29791666666666666 0.2986653645833333 0.30367647058823527 0.2980143229166667 0.3104166666666667 0.2967122395833333 0.3142156862745098
5 0.7283528645833334 0.24056372549019608 0.72802734375 0.2517156862745098 0.7291666666666666 0.26151960784313727 0.73095703125 0.2631127450980392 0.7361653645833334 0.2638480392156863 0.7449544270833334 0.2639705882352941 0.7630208333333334 0.26286764705882354 0.78662109375 0.26237745098039217 0.7986653645833334 0.2616421568627451 0.8040364583333334 0.26066176470588237 0.80810546875 0.26053921568627453 0.8107096354166666 0.2613970588235294 0.8111979166666666 0.2607843137254902 0.8133138020833334 0.25526960784313724 0.8134765625 0.23075980392156864 0.8125 0.22879901960784313 0.8108723958333334 0.22769607843137254 0.8064778645833334 0.22769607843137254 0.7985026041666666 0.22879901960784313 0.7688802083333334 0.22953431372549019 0.74658203125 0.23112745098039217 0.7371419270833334 0.23137254901960785 0.7340494791666666 0.23075980392156864 0.73095703125 0.23137254901960785 0.7283528645833334 0.23455882352941176 0.7273763020833334 0.23774509803921567 0.7283528645833334 0.24056372549019608