14 0.20043733723958335 0.39506397058823534 0.22035302734374998 0.3959214460784314 0.22092203776041666 0.3470463235294118 0.19887255859375 0.34660686274509805 0.20043733723958335 0.39506397058823534
14 0.19787679036458336 0.4447964460784314 0.21608528645833333 0.4452251225490196 0.22035302734374998 0.3982794117647059 0.19759212239583335 0.3964127450980392 0.19787679036458336 0.4447964460784314
14 0.22035302734374998 0.39527830882352943 0.2516490885416667 0.3948495098039216 0.25563216145833334 0.37555674019607843 0.253640625 0.37319877450980393 0.25819287109375 0.3727700980392157 0.26388297526041665 0.3693401960784313 0.26046891276041667 0.3669822303921568 0.2675817057291667 0.36676789215686273 0.2678662109375 0.35862205882352943 0.27440983072916664 0.3594794117647059 0.27327180989583333 0.3474751225490196 0.22149104817708332 0.34532144607843135 0.22035302734374998 0.39527830882352943
14 0.21779248046875 0.44586825980392153 0.25079557291666665 0.448011887254902 0.25193359375 0.39870808823529413 0.21978401692708335 0.39737683823529407 0.21779248046875 0.44586825980392153
14 0.2950846354166667 0.4189950980392157 0.2960611979166667 0.4207107843137255 0.2999674479166667 0.42205882352941176 0.3053385416666667 0.4224264705882353 0.31787109375 0.4227941176470588 0.3204752604166667 0.4218137254901961 0.3211263020833333 0.41875 0.3206380208333333 0.39338235294117646 0.3191731770833333 0.3905637254901961 0.3177083333333333 0.389828431372549 0.296875 0.38872549019607844 0.2945963541666667 0.39375 0.2941080729166667 0.4091911764705882 0.2950846354166667 0.4189950980392157
14 0.294921875 0.4531862745098039 0.3141276041666667 0.4551470588235294 0.31787109375 0.45416666666666666 0.3185221354166667 0.4530637254901961 0.3206380208333333 0.4252450980392157 0.31787109375 0.4241421568627451 0.3097330729166667 0.42340686274509803 0.296875 0.42340686274509803 0.2947591145833333 0.42401960784313725 0.2932942708333333 0.42549019607843136 0.2928059895833333 0.43786764705882353 0.29248046875 0.4497549019607843 0.294921875 0.4531862745098039
14 0.322265625 0.4218137254901961 0.3277994791666667 0.4227941176470588 0.3419596354166667 0.4236519607843137 0.3453776041666667 0.4230392156862745 0.3468424479166667 0.4215686274509804 0.3478190104166667 0.41875 0.3533528645833333 0.3905637254901961 0.3277994791666667 0.3879901960784314 0.3225911458333333 0.38909313725490197 0.3206380208333333 0.3920343137254902 0.32080078125 0.4083333333333333 0.322265625 0.4218137254901961
14 0.3749842122395833 0.4268841911764706 0.40457324218749996 0.4281703431372549 0.4044596354166667 0.41593137254901963 0.4306640625 0.4082107843137255 0.4318033854166667 0.40723039215686274 0.4326171875 0.4004901960784314 0.4322916666666667 0.39448529411764705 0.43115234375 0.3924019607843137 0.4287109375 0.39080882352941176 0.3987630208333333 0.38933823529411765 0.3836263020833333 0.3897058823529412 0.3795572916666667 0.3905637254901961 0.3776041666666667 0.39387254901960783 0.3759765625 0.4117647058823529 0.3749842122395833 0.4268841911764706
14 0.3460286458333333 0.4564950980392157 0.3486328125 0.4579656862745098 0.3732096354166667 0.4605392156862745 0.3738606770833333 0.4600490196078431 0.3759765625 0.42953431372549017 0.37548828125 0.42806372549019606 0.3732096354166667 0.4264705882352941 0.3487955729166667 0.42426470588235293 0.34619140625 0.4256127450980392 0.3453776041666667 0.43247549019607845 0.34521484375 0.4531862745098039 0.3460286458333333 0.4564950980392157
14 0.3190104166666667 0.45441176470588235 0.3211263020833333 0.45588235294117646 0.3430989583333333 0.45551470588235293 0.3448893229166667 0.4534313725490196 0.3453776041666667 0.4252450980392157 0.3395182291666667 0.42401960784313725 0.3238932291666667 0.42401960784313725 0.3211263020833333 0.4245098039215686 0.3196614583333333 0.42598039215686273 0.3181966145833333 0.4319852941176471 0.3180338541666667 0.4531862745098039 0.3190104166666667 0.45441176470588235
14 0.3486328125 0.41568627450980394 0.3463640950520834 0.42414424019607844 0.3743134765625 0.4258845588235294 0.3751627604166667 0.4126225490196078 0.3761393229166667 0.40441176470588236 0.3761393229166667 0.3946078431372549 0.375 0.39191176470588235 0.3733723958333333 0.3909313725490196 0.3670247395833333 0.3905637254901961 0.3557942708333333 0.39105392156862745 0.3489583333333333 0.3922794117647059 0.3478190104166667 0.39387254901960783 0.3465169270833333 0.41188725490196076 0.3486328125 0.41568627450980394
14 0.37451171875 0.4605392156862745 0.3766276041666667 0.46139705882352944 0.3972981770833333 0.46348039215686276 0.4020182291666667 0.46311274509803924 0.4034830729166667 0.4600490196078431 0.404296875 0.44362745098039214 0.4041341145833333 0.4325980392156863 0.40283203125 0.42830882352941174 0.4012044270833333 0.42720588235294116 0.3810221354166667 0.42634803921568626 0.3766276041666667 0.427328431372549 0.3748372395833333 0.4287990196078431 0.3740234375 0.4464460784313726 0.3736979166666667 0.4598039215686274 0.37451171875 0.4605392156862745
14 0.4461263020833333 0.4034313725490196 0.4705403645833333 0.3971813725490196 0.4720052083333333 0.39620098039215684 0.4734700520833333 0.3917892156862745 0.4739583333333333 0.3764705882352941 0.47314453125 0.3752450980392157 0.4607747395833333 0.37401960784313726 0.4500325520833333 0.3738970588235294 0.4459635416666667 0.3747549019607843 0.4430338541666667 0.3764705882352941 0.4441731770833333 0.3963235294117647 0.4461263020833333 0.4034313725490196
14 0.4441731770833333 0.4077205882352941 0.4461263020833333 0.4090686274509804 0.4669596354166667 0.408578431372549 0.4734700520833333 0.40674019607843137 0.4744466145833333 0.40465686274509804 0.4736328125 0.37549019607843137 0.47265625 0.37487745098039216 0.4671223958333333 0.37426470588235294 0.4544270833333333 0.37401960784313726 0.4459635416666667 0.375 0.4435221354166667 0.3767156862745098 0.44287109375 0.40465686274509804 0.4441731770833333 0.4077205882352941
14 0.4752604166666667 0.40784313725490196 0.4773763020833333 0.40894607843137254 0.4952799479166667 0.4090686274509804 0.4970703125 0.408578431372549 0.4982096354166667 0.40784313725490196 0.4986979166666667 0.40526960784313726 0.49951171875 0.37720588235294117 0.4988606770833333 0.3732843137254902 0.4982096354166667 0.372671568627451 0.49609375 0.3724264705882353 0.47802734375 0.3729166666666667 0.4759114583333333 0.3738970588235294 0.4742838541666667 0.37683823529411764 0.47412109375 0.40294117647058825 0.4752604166666667 0.40784313725490196
30 0.55224609375 0.7633578431372549 0.5538736979166666 0.7642156862745098 0.5572916666666666 0.7629901960784313 0.5625 0.7660539215686275 0.56494140625 0.7682598039215687 0.5677083333333334 0.7694852941176471 0.5690104166666666 0.7709558823529412 0.5711263020833334 0.7787990196078431 0.57177734375 0.7748774509803922 0.5730794270833334 0.7725490196078432 0.572265625 0.7694852941176471 0.5732421875 0.7659313725490197 0.57275390625 0.7622549019607843 0.5730794270833334 0.7583333333333333 0.572265625 0.7553921568627451 0.57275390625 0.7512254901960784 0.578125 0.7492647058823529 0.5867513020833334 0.7486519607843137 0.591796875 0.7477941176470588 0.5963541666666666 0.746078431372549 0.5974934895833334 0.7447303921568628 0.5953776041666666 0.7433823529411765 0.59326171875 0.7427696078431373 0.5919596354166666 0.7412990196078432 0.587890625 0.7397058823529412 0.5642903645833334 0.7333333333333333 0.5623372395833334 0.733578431372549 0.5607096354166666 0.734436274509804 0.5572916666666666 0.7339460784313725 0.5533854166666666 0.736764705882353 0.5504557291666666 0.741421568627451 0.5491536458333334 0.7508578431372549 0.5489908854166666 0.7557598039215686 0.55224609375 0.7633578431372549
30 0.5703125 0.764828431372549 0.5719401041666666 0.7688725490196079 0.5750325520833334 0.7731617647058824 0.57421875 0.7759803921568628 0.5745442708333334 0.776593137254902 0.57666015625 0.7747549019607843 0.578125 0.7746323529411765 0.5813802083333334 0.7758578431372549 0.5828450520833334 0.7769607843137255 0.5849609375 0.7774509803921569 0.5953776041666666 0.7840686274509804 0.5989583333333334 0.7822303921568627 0.6066080729166666 0.7807598039215686 0.6131184895833334 0.7801470588235294 0.6194661458333334 0.7785539215686275 0.62353515625 0.7767156862745098 0.626953125 0.7761029411764706 0.6302083333333334 0.7741421568627451 0.6336263020833334 0.7708333333333334 0.6370442708333334 0.770343137254902 0.64013671875 0.7691176470588236 0.6419270833333334 0.7676470588235295 0.6433919270833334 0.7653186274509803 0.6442057291666666 0.7621323529411764 0.63720703125 0.7578431372549019 0.6194661458333334 0.7507352941176471 0.60595703125 0.7471813725490196 0.5953776041666666 0.7459558823529412 0.5926106770833334 0.7470588235294118 0.58544921875 0.7475490196078431 0.5711263020833334 0.7498774509803922 0.5696614583333334 0.7518382352941176 0.5693359375 0.7575980392156862 0.5703125 0.764828431372549
30 0.5960286458333334 0.7971405637254902 0.5948893229166666 0.8067401960784314 0.5953776041666666 0.8088235294117647 0.6028645833333334 0.8111519607843137 0.6064453125 0.8128676470588235 0.6092122395833334 0.8149509803921569 0.6163736979166666 0.8167892156862745 0.619140625 0.8181372549019608 0.6222330729166666 0.8181372549019608 0.6258138020833334 0.8174019607843137 0.6279296875 0.8107843137254902 0.6287434895833334 0.8028186274509804 0.6295572916666666 0.8002450980392157 0.6297200520833334 0.7873774509803921 0.6305338541666666 0.7806372549019608 0.6300455729166666 0.7762254901960784 0.6285807291666666 0.7775735294117647 0.6267903645833334 0.7783088235294118 0.623046875 0.7783088235294118 0.6158854166666666 0.78125 0.60888671875 0.7813725490196078 0.5987955729166666 0.782843137254902 0.5953776041666666 0.785171568627451 0.5948893229166666 0.7862745098039216 0.5947265625 0.789828431372549 0.5960286458333334 0.7971405637254902
30 0.6311848958333334 0.7987745098039216 0.6329752604166666 0.8002450980392157 0.6380208333333334 0.801593137254902 0.6650390625 0.8139705882352941 0.66845703125 0.8166666666666667 0.67529296875 0.8177696078431372 0.68115234375 0.8160539215686274 0.6827799479166666 0.8127450980392157 0.6834309895833334 0.8093137254901961 0.6842447916666666 0.7917892156862745 0.68359375 0.7849264705882353 0.6822916666666666 0.7819852941176471 0.67578125 0.7759803921568628 0.6720377604166666 0.775 0.6707356770833334 0.7725490196078432 0.66748046875 0.7714460784313726 0.6622721354166666 0.76875 0.6578776041666666 0.768014705882353 0.65087890625 0.7683823529411765 0.634765625 0.7723039215686275 0.6336263020833334 0.7729166666666667 0.63134765625 0.7759803921568628 0.63037109375 0.7875 0.6302083333333334 0.796813725490196 0.6311848958333334 0.7987745098039216
30 0.5017903645833334 0.8087009803921569 0.51220703125 0.8120098039215686 0.5205078125 0.8155637254901961 0.52587890625 0.8186274509803921 0.529296875 0.819485294117647 0.5328776041666666 0.8200980392156862 0.5432942708333334 0.8175245098039216 0.5462239583333334 0.8105392156862745 0.548828125 0.7953431372549019 0.54931640625 0.7821078431372549 0.548828125 0.7785539215686275 0.546875 0.7761029411764706 0.5428059895833334 0.7772058823529412 0.5398763020833334 0.7768382352941177 0.5364583333333334 0.7786764705882353 0.53125 0.7784313725490196 0.52587890625 0.778921568627451 0.5188802083333334 0.7810049019607843 0.50634765625 0.782843137254902 0.5016276041666666 0.785171568627451 0.50048828125 0.7889705882352941 0.5008138020833334 0.8024509803921569 0.5017903645833334 0.8087009803921569
30 0.5016276041666666 0.8324754901960785 0.5208333333333334 0.8384803921568628 0.5226236979166666 0.8404411764705882 0.529296875 0.8428921568627451 0.53662109375 0.8419117647058824 0.5398763020833334 0.8404411764705882 0.5419921875 0.8350490196078432 0.5411783854166666 0.8308823529411765 0.5418294270833334 0.828186274509804 0.5416666666666666 0.8245098039215686 0.5432942708333334 0.8213235294117647 0.5432942708333334 0.817156862745098 0.5426432291666666 0.8180147058823529 0.533203125 0.8214460784313725 0.5323893229166666 0.8213235294117647 0.5260416666666666 0.8191176470588235 0.5185546875 0.8144607843137255 0.51123046875 0.8116421568627451 0.5087890625 0.810171568627451 0.5017903645833334 0.8099264705882353 0.50048828125 0.8133578431372549 0.4998372395833333 0.8198529411764706 0.4996744791666667 0.8248774509803921 0.5016276041666666 0.8324754901960785
30 0.50048828125 0.852328431372549 0.505859375 0.8558823529411764 0.51220703125 0.859313725490196 0.51708984375 0.8606617647058824 0.5260416666666666 0.8672794117647059 0.5286458333333334 0.868014705882353 0.5372721354166666 0.8671568627450981 0.5403645833333334 0.8661764705882353 0.5428059895833334 0.8645833333333334 0.5439453125 0.8604166666666667 0.54345703125 0.8482843137254902 0.5421549479166666 0.8424019607843137 0.5403645833333334 0.8404411764705882 0.5398763020833334 0.8401960784313726 0.5380859375 0.8408088235294118 0.5328776041666666 0.8435049019607843 0.5303819986979167 0.8433823529411765 0.5231119791666666 0.8399509803921569 0.51904296875 0.8365196078431373 0.5107421875 0.834436274509804 0.50537109375 0.8319852941176471 0.5016276041666666 0.8319852941176471 0.4998372395833333 0.8383578431372549 0.4996744791666667 0.8457107843137255 0.50048828125 0.852328431372549
30 0.55029296875 0.7769607843137255 0.5538736979166666 0.7799019607843137 0.5569661458333334 0.7805147058823529 0.5603841145833334 0.7819852941176471 0.5711263020833334 0.7889705882352941 0.5732421875 0.7863970588235294 0.57275390625 0.7752450980392157 0.57421875 0.7724264705882353 0.5680338541666666 0.7671568627450981 0.5642903645833334 0.7659313725490197 0.5621744791666666 0.7637254901960784 0.5537109375 0.7598039215686274 0.55029296875 0.7620098039215686 0.5499674479166666 0.7642156862745098 0.5494791666666666 0.7737745098039216 0.55029296875 0.7769607843137255
30 0.5758463541666666 0.789828431372549 0.5779622395833334 0.7906862745098039 0.5810546875 0.7903186274509804 0.583984375 0.7916666666666666 0.5875651041666666 0.7943627450980392 0.5904947916666666 0.7948529411764705 0.5919596354166666 0.7955882352941176 0.59423828125 0.7866421568627451 0.5934244791666666 0.7823529411764706 0.5888671875 0.7786764705882353 0.578125 0.7737745098039216 0.57470703125 0.7743872549019608 0.5738932291666666 0.776593137254902 0.5743815104166666 0.7866421568627451 0.5758463541666666 0.789828431372549
30 0.5496419270833334 0.7769607843137255 0.5494791666666666 0.7933823529411764 0.55029296875 0.7952205882352941 0.5699869791666666 0.805514705882353 0.5711263020833334 0.8068627450980392 0.5729166666666666 0.8006127450980393 0.5738932291666666 0.7935049019607843 0.5732421875 0.7920343137254902 0.5703125 0.7884803921568627 0.5694986979166666 0.7863970588235294 0.5677083333333334 0.7856617647058823 0.56494140625 0.7854166666666667 0.5607096354166666 0.7824754901960784 0.5572916666666666 0.7817401960784314 0.5501302083333334 0.7747549019607843 0.5489908854166666 0.7759803921568628 0.5496419270833334 0.7769607843137255
30 0.5745442708333334 0.8096813725490196 0.576171875 0.8106617647058824 0.5799153645833334 0.8117647058823529 0.5885416666666666 0.8176470588235294 0.5919596354166666 0.8127450980392157 0.5934244791666666 0.8073529411764706 0.5934244791666666 0.8 0.5919596354166666 0.7957107843137254 0.5891927083333334 0.7955882352941176 0.58251953125 0.7922794117647058 0.5779622395833334 0.7912990196078431 0.5745442708333334 0.7928921568627451 0.57373046875 0.8001225490196079 0.5735677083333334 0.8072303921568628 0.5745442708333334 0.8096813725490196
30 0.6311848958333334 0.8113970588235294 0.630859375 0.8197303921568627 0.6315104166666666 0.8242647058823529 0.6336263020833334 0.828063725490196 0.6435546875 0.830514705882353 0.6482747395833334 0.8332107843137255 0.65087890625 0.8354166666666667 0.6546223958333334 0.8346813725490196 0.6591796875 0.8362745098039216 0.6614583333333334 0.8389705882352941 0.6643880208333334 0.8384803921568628 0.6653645833333334 0.8346813725490196 0.6643880208333334 0.8321078431372549 0.6642252604166666 0.828063725490196 0.6663411458333334 0.8256127450980392 0.6695963541666666 0.8246323529411764 0.6673177083333334 0.8231617647058823 0.66650390625 0.821813725490196 0.6673177083333334 0.8176470588235294 0.66455078125 0.814093137254902 0.658203125 0.8102941176470588 0.6507161458333334 0.8087009803921569 0.642578125 0.8028186274509804 0.63720703125 0.8002450980392157 0.6331380208333334 0.8006127450980393 0.6321614583333334 0.8013480392156863 0.63134765625 0.8033088235294118 0.6306966145833334 0.8072303921568628 0.6311848958333334 0.8113970588235294
30 0.5743815104166666 0.828186274509804 0.578125 0.8279411764705882 0.5849609375 0.8306372549019608 0.58837890625 0.8335784313725491 0.5909830729166666 0.8330882352941177 0.5919596354166666 0.8321078431372549 0.591796875 0.8174019607843137 0.58935546875 0.8144607843137255 0.5882161458333334 0.814093137254902 0.5849609375 0.8150735294117647 0.5826822916666666 0.8129901960784314 0.578125 0.810171568627451 0.5745442708333334 0.810906862745098 0.57373046875 0.814093137254902 0.5735677083333334 0.8252450980392156 0.5743815104166666 0.828186274509804
30 0.54801220703125 0.8148214460784314 0.5707986653645833 0.8243802696078432 0.57291455078125 0.809674387254902 0.5742325846354167 0.8077317401960785 0.5603640950520833 0.8014786764705882 0.5499899088541667 0.7962128676470588 0.5483518880208333 0.8015609068627451 0.5471984049479167 0.8056302696078431 0.54703564453125 0.812860661764706 0.54801220703125 0.8148214460784314
30 0.5455729166666666 0.8325980392156863 0.5641276041666666 0.8439950980392157 0.5680338541666666 0.8441176470588235 0.5701497395833334 0.8420343137254902 0.5721028645833334 0.828186274509804 0.5699869791666666 0.8219362745098039 0.55029296875 0.8112745098039216 0.546875 0.814828431372549 0.5458984375 0.8174019607843137 0.544921875 0.8310049019607844 0.5455729166666666 0.8325980392156863
30 0.5452473958333334 0.8522058823529411 0.5467122395833334 0.8541666666666666 0.5613606770833334 0.8596813725490197 0.5638020833333334 0.8602941176470589 0.5657552083333334 0.8596813725490197 0.5691731770833334 0.8488970588235294 0.5670572916666666 0.8450980392156863 0.5528971354166666 0.8361519607843138 0.5470377604166666 0.8338235294117647 0.5450846354166666 0.8349264705882353 0.5432942708333334 0.8382352941176471 0.5432942708333334 0.8455882352941176 0.5452473958333334 0.8522058823529411
30 0.546875 0.8721813725490196 0.564453125 0.8803921568627451 0.5680338541666666 0.8768382352941176 0.5703125 0.866421568627451 0.5651041666666666 0.8583333333333333 0.5642903645833334 0.8574754901960784 0.5506184895833334 0.8514705882352941 0.5467122395833334 0.8531862745098039 0.5455729166666666 0.8556372549019607 0.54541015625 0.8665441176470589 0.546875 0.8721813725490196
30 0.5462239583333334 0.890563725490196 0.55908203125 0.8975490196078432 0.5641276041666666 0.8995098039215687 0.5677083333333334 0.8998774509803922 0.5690104166666666 0.897671568627451 0.5701497395833334 0.8867647058823529 0.5693359375 0.883578431372549 0.56640625 0.8795343137254902 0.546875 0.8683823529411765 0.54541015625 0.875 0.5452473958333334 0.8844362745098039 0.5462239583333334 0.890563725490196
30 0.5430924479166667 0.9043046568627451 0.5564615885416667 0.9130473039215686 0.564453125 0.9167892156862745 0.5665690104166666 0.9149509803921568 0.5691731770833334 0.9079656862745098 0.5690104166666666 0.9044117647058824 0.5675455729166666 0.902328431372549 0.56591796875 0.9006127450980392 0.55029296875 0.891421568627451 0.546875 0.8916666666666667 0.5455729166666666 0.8939950980392157 0.544921875 0.9050245098039216 0.5430924479166667 0.9043046568627451
30 0.5467122395833334 0.9310049019607843 0.5628255208333334 0.9371323529411765 0.5646158854166666 0.9372549019607843 0.5672200520833334 0.9323529411764706 0.5672200520833334 0.9247549019607844 0.5655924479166666 0.9189950980392156 0.5537109375 0.9096813725490196 0.546875 0.908578431372549 0.5455729166666666 0.9110294117647059 0.544921875 0.9145833333333333 0.54541015625 0.9285539215686275 0.5467122395833334 0.9310049019607843
30 0.5442708333333334 0.9459558823529411 0.56298828125 0.9573529411764706 0.5647786458333334 0.957843137254902 0.5667317708333334 0.9572303921568628 0.5675455729166666 0.9566176470588236 0.56787109375 0.9542892156862746 0.5670572916666666 0.9457107843137255 0.5660807291666666 0.941421568627451 0.5634765625 0.9376225490196078 0.5501302083333334 0.9280637254901961 0.546875 0.926593137254902 0.5447591145833334 0.9287990196078432 0.5431315104166666 0.9322303921568628 0.5428059895833334 0.9415441176470588 0.5442708333333334 0.9459558823529411
30 0.5743815104166666 0.8488970588235294 0.5885416666666666 0.854656862745098 0.59033203125 0.8519607843137255 0.5919596354166666 0.839093137254902 0.5906575520833334 0.8341911764705883 0.58203125 0.8275735294117647 0.578125 0.8265931372549019 0.5743815104166666 0.8269607843137254 0.57080078125 0.8318627450980393 0.5711263020833334 0.8462009803921569 0.5743815104166666 0.8488970588235294
30 0.5704752604166666 0.8644607843137255 0.5857224934895834 0.8710446078431373 0.58984375 0.859313725490196 0.5888671875 0.8549019607843137 0.5852864583333334 0.8522058823529411 0.57470703125 0.8470588235294118 0.5712890625 0.8486519607843137 0.5696614583333334 0.8522058823529411 0.56982421875 0.8629901960784314 0.5704752604166666 0.8644607843137255
30 0.5745442708333334 0.8857843137254902 0.5849609375 0.8860294117647058 0.58642578125 0.8837009803921568 0.5865885416666666 0.8780637254901961 0.5846354166666666 0.86875 0.5821940104166666 0.8676470588235294 0.5735677083333334 0.8665441176470589 0.5712890625 0.8669117647058824 0.5699869791666666 0.8688725490196079 0.5716145833333334 0.8834558823529411 0.5745442708333334 0.8857843137254902
30 0.5724283854166666 0.9045343137254902 0.5743815104166666 0.9061274509803922 0.5849609375 0.9099264705882353 0.58642578125 0.9080882352941176 0.5851236979166666 0.8865196078431372 0.5745442708333334 0.8839460784313725 0.5719401041666666 0.8870098039215686 0.5716145833333334 0.8895833333333333 0.5712890625 0.8977941176470589 0.5724283854166666 0.9045343137254902
30 0.5719401041666666 0.9252450980392157 0.58154296875 0.9334558823529412 0.5849609375 0.9330882352941177 0.5834523111979167 0.9271115196078431 0.5847135416666667 0.9111466911764706 0.5796686197916666 0.9098162990196078 0.5745442708333334 0.9058823529411765 0.5725911458333334 0.907843137254902 0.5704752604166666 0.9178921568627451 0.5719401041666666 0.9252450980392157
30 0.5875651041666666 0.9080882352941176 0.6129557291666666 0.9263480392156863 0.6197916666666666 0.9292892156862745 0.6220703125 0.9225490196078432 0.6241861979166666 0.904656862745098 0.6223958333333334 0.9007352941176471 0.5950520833333334 0.8863970588235294 0.58837890625 0.8848039215686274 0.5857747395833334 0.8871323529411764 0.5849609375 0.8893382352941176 0.58544921875 0.9045343137254902 0.5875651041666666 0.9080882352941176
30 0.5944010416666666 0.8345588235294118 0.5963541666666666 0.8366421568627451 0.6092122395833334 0.8430147058823529 0.623046875 0.8474264705882353 0.6266276041666666 0.8475490196078431 0.6279296875 0.845343137254902 0.6305338541666666 0.8324754901960785 0.6305338541666666 0.8278186274509803 0.6266276041666666 0.821813725490196 0.6243489583333334 0.8199754901960784 0.59912109375 0.8094362745098039 0.5978190104166666 0.8098039215686275 0.5944010416666666 0.8128676470588235 0.5927734375 0.8180147058823529 0.5929361979166666 0.8314950980392157 0.5944010416666666 0.8345588235294118
30 0.59130859375 0.859436274509804 0.6046549479166666 0.86875 0.6232096354166666 0.8768382352941176 0.6259765625 0.8727941176470588 0.62890625 0.8558823529411764 0.6279296875 0.8518382352941176 0.6259765625 0.8482843137254902 0.59521484375 0.8345588235294118 0.5944010416666666 0.8350490196078432 0.5924479166666666 0.8405637254901961 0.5908203125 0.8497549019607843 0.59033203125 0.8558823529411764 0.59130859375 0.859436274509804
30 0.5872395833333334 0.8839460784313725 0.5885416666666666 0.8868872549019607 0.6197916666666666 0.901593137254902 0.6232096354166666 0.9008578431372549 0.625 0.8986519607843138 0.6258138020833334 0.8947303921568628 0.6263020833333334 0.8817401960784313 0.62451171875 0.8756127450980392 0.5973307291666666 0.8602941176470589 0.591796875 0.8591911764705882 0.5890299479166666 0.8634803921568628 0.5865885416666666 0.8697303921568628 0.5872395833333334 0.8839460784313725
30 0.58740234375 0.9344362745098039 0.6163736979166666 0.953063725490196 0.61962890625 0.9512254901960784 0.6202799479166666 0.9497549019607843 0.6212565104166666 0.9357843137254902 0.6204427083333334 0.9276960784313726 0.5955403645833334 0.9123774509803921 0.5919596354166666 0.9111519607843137 0.58837890625 0.9112745098039216 0.5859375 0.9134803921568627 0.5862630208333334 0.9322303921568628 0.58740234375 0.9344362745098039
30 0.5703125 0.9593137254901961 0.58154296875 0.9678921568627451 0.5838216145833334 0.9643382352941177 0.5846354166666666 0.9612745098039216 0.5841471354166666 0.9561274509803922 0.58203125 0.9485294117647058 0.5789388020833334 0.9454656862745098 0.57470703125 0.9433823529411764 0.5711263020833334 0.9441176470588235 0.5696614583333334 0.946078431372549 0.5690104166666666 0.9566176470588236 0.5703125 0.9593137254901961
30 0.5655426432291667 0.9398029411764707 0.58294775390625 0.9498759803921569 0.584208984375 0.9335311274509803 0.5698308919270834 0.9222941176470588 0.5655426432291667 0.9398029411764707
30 0.5861002604166666 0.9567401960784314 0.5877278645833334 0.9600490196078432 0.61279296875 0.9762254901960784 0.6162109375 0.9770833333333333 0.6181640625 0.9741421568627451 0.62060546875 0.9566176470588236 0.61962890625 0.9544117647058824 0.6131184895833334 0.9481617647058823 0.6023763020833334 0.9401960784313725 0.5921223958333334 0.9367647058823529 0.5891927083333334 0.9368872549019608 0.5865885416666666 0.9382352941176471 0.5851236979166666 0.9427696078431372 0.5849609375 0.9504901960784313 0.5861002604166666 0.9567401960784314
30 0.62255859375 0.9738970588235294 0.62451171875 0.9808823529411764 0.62548828125 0.9821078431372549 0.6297200520833334 0.9856617647058824 0.6526692708333334 0.9998774509803922 0.66162109375 0.9998774509803922 0.6637369791666666 0.9808823529411764 0.6611328125 0.977328431372549 0.6564127604166666 0.9738970588235294 0.6315104166666666 0.9596813725490196 0.6232096354166666 0.9573529411764706 0.6222330729166666 0.9669117647058824 0.62255859375 0.9738970588235294
30 0.6336263020833334 0.9642156862745098 0.6595052083333334 0.9774509803921568 0.6611328125 0.978063725490196 0.6627604166666666 0.9775735294117647 0.6656901041666666 0.9742647058823529 0.66748046875 0.9564950980392157 0.6669921875 0.953186274509804 0.6302083333333334 0.9334558823529412 0.6267903645833334 0.9340686274509804 0.6258138020833334 0.935171568627451 0.6233723958333334 0.946078431372549 0.6232096354166666 0.9574754901960785 0.6336263020833334 0.9642156862745098
30 0.6272786458333334 0.9318627450980392 0.6578776041666666 0.9501225490196078 0.66455078125 0.950735294117647 0.6687825520833334 0.9503676470588235 0.6717122395833334 0.9464460784313725 0.6717122395833334 0.9450980392156862 0.666015625 0.9286764705882353 0.6617838541666666 0.9232843137254902 0.6476236979166666 0.9147058823529411 0.63330078125 0.9072303921568627 0.6266276041666666 0.9063725490196078 0.6246744791666666 0.907843137254902 0.6233723958333334 0.9110294117647059 0.6238606770833334 0.9287990196078432 0.6272786458333334 0.9318627450980392
30 0.6267903645833334 0.9042892156862745 0.6612955729166666 0.921936274509804 0.6682942708333334 0.9224264705882353 0.6691080729166666 0.9009803921568628 0.6614583333333334 0.8901960784313725 0.6404622395833334 0.8829656862745098 0.6336263020833334 0.8810049019607843 0.6300455729166666 0.8806372549019608 0.6280924479166666 0.8817401960784313 0.626953125 0.883578431372549 0.6261393229166666 0.8904411764705882 0.6256510416666666 0.9013480392156863 0.6267903645833334 0.9042892156862745
30 0.6292317708333334 0.8799019607843137 0.6614583333333334 0.8949754901960785 0.6630859375 0.8944852941176471 0.6682942708333334 0.8897058823529411 0.6687825520833334 0.888235294117647 0.6697591145833334 0.8790441176470588 0.6686197916666666 0.8732843137254902 0.6640625 0.8696078431372549 0.64697265625 0.859313725490196 0.6368815104166666 0.854656862745098 0.6339518229166666 0.8540441176470588 0.6302083333333334 0.854656862745098 0.6287434895833334 0.8623774509803922 0.6277669270833334 0.8767156862745098 0.6292317708333334 0.8799019607843137
30 0.6302083333333334 0.8533088235294117 0.63134765625 0.8542892156862745 0.6650390625 0.8688725490196079 0.6682942708333334 0.8697303921568628 0.6717122395833334 0.8697303921568628 0.66845703125 0.8509803921568627 0.6647135416666666 0.8415441176470588 0.6365559895833334 0.8278186274509803 0.6334635416666666 0.8284313725490197 0.6315104166666666 0.8302696078431373 0.62939453125 0.8417892156862745 0.62939453125 0.8493872549019608 0.6302083333333334 0.8533088235294117
21 0.43310546875 0.7713235294117647 0.4342447916666667 0.7758578431372549 0.4357096354166667 0.7770833333333333 0.4495442708333333 0.7808823529411765 0.4523111979166667 0.7762254901960784 0.45263671875 0.7573529411764706 0.44921875 0.7566176470588235 0.4391276041666667 0.7582107843137255 0.4357096354166667 0.7594362745098039 0.43310546875 0.7615196078431372 0.4324544270833333 0.7621323529411764 0.43310546875 0.7713235294117647
21 0.42273274739583333 0.8644056372549019 0.4414845377604167 0.8748253676470588 0.44312532552083334 0.86034375 0.42367041015625 0.8482811274509804 0.42273274739583333 0.8644056372549019
21 0.4042154947916667 0.851160294117647 0.42156087239583334 0.8640524509803921 0.42343603515625 0.8493942401960785 0.40573909505208333 0.8382214460784313 0.4042154947916667 0.851160294117647
21 0.4042154947916667 0.8354424019607843 0.42320166015625 0.8460387254901961 0.42460791015625005 0.8343827205882353 0.4074970703125 0.8223376225490195 0.4042154947916667 0.8354424019607843
21 0.4220296223958333 0.8474515931372549 0.44242203776041666 0.8594606617647058 0.44593798828125 0.843919362745098 0.4268347981770833 0.8339857843137255 0.4220296223958333 0.8474515931372549
21 0.42531119791666666 0.8338529411764706 0.4257799479166667 0.8193712009803922 0.4074970703125 0.8093659313725491 0.4065595703125 0.8229033088235294 0.42531119791666666 0.8338529411764706
21 0.40829166666666666 0.8076329656862745 0.42652473958333337 0.8185671568627451 0.42819921875000005 0.8045490196078431 0.4094078776041667 0.7956205882352941 0.40829166666666666 0.8076329656862745
21 0.40903580729166666 0.7957175245098039 0.42819921875000005 0.8046892156862745 0.42950146484375 0.7899700980392157 0.41191959635416664 0.7802811274509804 0.40903580729166666 0.7957175245098039
21 0.412384765625 0.76571875 0.412384765625 0.7795966911764706 0.42950146484375 0.7888486519607844 0.42912939453125 0.7741296568627452 0.43210628255208333 0.7739894607843137 0.43210628255208333 0.7605321078431373 0.4144313151041667 0.7651518382352941 0.412384765625 0.76571875
21 0.42950146484375 0.7884281862745097 0.4488509114583333 0.7989417892156863 0.45071142578124995 0.7832414215686274 0.431455078125 0.7748177696078431 0.42950146484375 0.7884281862745097
21 0.42801318359375 0.8048294117647059 0.44717659505208335 0.8147822303921568 0.44959521484375004 0.8003435049019608 0.43089697265625 0.7895268382352941 0.42801318359375 0.8048294117647059
21 0.42764111328125004 0.819127818627451 0.44512988281250004 0.8282395833333334 0.4468043619791667 0.8145018382352941 0.42950146484375 0.8063371323529412 0.42764111328125004 0.819127818627451
21 0.42522233072916665 0.8337066176470589 0.4447578125 0.8440800245098039 0.4460602213541667 0.8296414215686274 0.42838525390625 0.8202057598039215 0.42522233072916665 0.8337066176470589