14 0.005322695035460992 0.0669435 0.027890514184397162 0.063579 0.05641932624113475 0.06790475000000001 0.04705141843971631 0.0268105 0.030445035460992906 0.021763750000000002 0 0.0224545 0.005322695035460992 0.0669435
14 0.05854831560283688 0.0640595 0.10538696808510638 0.063579 0.09261258865248227 0.022244499999999997 0.06365780141843971 0.020802499999999998 0.04726462765957447 0.024255500000000003 0.05854831560283688 0.0640595
14 0.10572916666666667 0.06436575 0.12821099290780144 0.0628945 0.15688297872340426 0.06510125 0.14743439716312057 0.02335875 0.12658156028368794 0.02023275 0.10800975177304964 0.01949725 0.09774645390070921 0.02462425 0.10572916666666667 0.06436575
14 0.15393218085106383 0.06358950000000001 0.19724379432624115 0.06325925 0.18787898936170214 0.0213075 0.17032003546099292 0.0183345 0.15100531914893617 0.02294225 0.15393218085106383 0.06358950000000001
14 0 0.204 0.0070921985815602835 0.203 0.019060283687943262 0.20475 0.026152482269503546 0.20475 0.03280141843971631 0.20425 0.0350177304964539 0.203 0.03280141843971631 0.18975 0.02969858156028369 0.18525 0.019060283687943262 0.182 0.010195035460992909 0.184 0 0.184 0 0.204
14 0.03590425531914894 0.20025 0.0398936170212766 0.2035 0.0749113475177305 0.204 0.0775709219858156 0.203 0.07446808510638298 0.18775 0.0673758865248227 0.182 0.04875886524822695 0.18375 0.03324468085106383 0.1815 0.03280141843971631 0.18725 0.03590425531914894 0.20025
14 0.07801418439716312 0.201 0.08156028368794327 0.2045 0.08820921985815602 0.2055 0.1023936170212766 0.2055 0.11170212765957446 0.20375 0.1196808510638298 0.204 0.1201241134751773 0.1925 0.11569148936170212 0.184 0.09530141843971632 0.18175 0.09308510638297872 0.1825 0.08865248226950355 0.18125 0.08466312056737589 0.18225 0.07801418439716312 0.18 0.07624113475177305 0.181 0.07624113475177305 0.195 0.07801418439716312 0.201
14 0.1626764184397163 0.100415 0.20586436170212766 0.099765 0.19549955673758868 0.0620655 0.1908927304964539 0.0620655 0.16785859929078015 0.06304025 0.15634175531914893 0.06592975 0.1626764184397163 0.100415
14 0.11200177304964538 0.10139 0.16325221631205675 0.100415 0.15749379432624114 0.06694025 0.14885593971631206 0.06466525 0.12179122340425533 0.0627155 0.10624335106382979 0.06495525 0.11200177304964538 0.10139
14 0.10566755319148936 0.06499025 0.06247916666666667 0.06401525 0.054993351063829785 0.06661525 0.0656462765957447 0.102467 0.11257757092198581 0.101715 0.10566755319148936 0.06499025
14 0.01468395390070922 0.10334 0.0630549645390071 0.102365 0.05384131205673759 0.06694025 0.025049202127659577 0.06401525 0.005182624113475177 0.067391 0.01468395390070922 0.10334
14 0 0.1036335 0.013482269503546099 0.10332275 0.005227836879432624 0.0685385 0 0.06665049999999999 0 0.1036335
14 0.0007681737588652482 0.16488399999999998 0.025958333333333333 0.16488399999999998 0.02073581560283688 0.14373175 0 0.144066 0.0007681737588652482 0.16488399999999998
14 0.0016897163120567376 0.18620925 0.02995212765957447 0.18707625 0.026572695035460992 0.1647105 0 0.16589675 0.0016897163120567376 0.18620925
14 0.02780141843971631 0.16488399999999998 0.07050221631205673 0.16384375 0.060364804964539005 0.14390524999999998 0.0219645390070922 0.14459875 0.02780141843971631 0.16488399999999998
14 0.03179521276595745 0.1853425 0.07511037234042554 0.1858625 0.07019503546099291 0.1641905 0.028569592198581562 0.16641650000000002 0.03179521276595745 0.1853425
14 0.1144317375886525 0.16367025000000002 0.10951640070921985 0.1421715 0.06865913120567377 0.14302625 0.07111657801418439 0.164017 0.1144317375886525 0.16367025000000002
14 0.0757247340425532 0.186036 0.11965425531914893 0.185169 0.11688918439716312 0.16453725 0.07280629432624114 0.16485724999999998 0.0757247340425532 0.186036
14 0.15682491134751775 0.15534825000000002 0.15313874113475176 0.1385305 0.11888608156028369 0.138868 0.12303324468085106 0.15638849999999999 0.15682491134751775 0.15534825000000002
14 0.1592828014184397 0.1550015 0.1709561170212766 0.1550015 0.1709561170212766 0.15240075 0.19246010638297872 0.1518805 0.19030984042553192 0.137837 0.1548284574468085 0.1380885 0.1592828014184397 0.1550015
14 0.19368882978723403 0.15153375 0.22993838652482268 0.15101374999999997 0.22840248226950352 0.1371435 0.1912313829787234 0.13834825 0.19368882978723403 0.15153375
14 0.24222650709219856 0.1527475 0.26219459219858154 0.153441 0.2615802304964539 0.13627675 0.2331640070921986 0.136789 0.23423936170212764 0.15014675 0.24222650709219856 0.1527475
14 0.12610505319148935 0.17216575 0.15989716312056737 0.17216575 0.1552890070921986 0.15656175 0.12165070921985817 0.1568005 0.12610505319148935 0.17216575
14 0.12303324468085106 0.18828999999999999 0.1629689716312057 0.18967699999999998 0.15866843971631206 0.17251249999999999 0.12349379432624112 0.17265375 0.12303324468085106 0.18828999999999999
14 0.12702659574468086 0.20389375 0.1629689716312057 0.2037205 0.15897562056737588 0.19002375000000002 0.12395478723404255 0.1903265 0.12702659574468086 0.20389375
14 0.16112588652482268 0.17164574999999999 0.1737211879432624 0.17077875 0.1709561170212766 0.154308 0.1566715425531915 0.155501 0.16112588652482268 0.17164574999999999
14 0.1632761524822695 0.18933025 0.17832890070921986 0.18915674999999998 0.1737211879432624 0.17164574999999999 0.1580540780141844 0.17213399999999998 0.1632761524822695 0.18933025
14 0.1657340425531915 0.203547 0.18078679078014184 0.2028535 0.17832890070921986 0.18881 0.16127969858156027 0.1898065 0.1657340425531915 0.203547
14 0.21150664893617022 0.1853425 0.17894326241134753 0.18690275 0.18063297872340425 0.20280125000000002 0.2155 0.20181325 0.21150664893617022 0.1853425
14 0.2093563829787234 0.16869825 0.1737211879432624 0.16921825000000001 0.17786835106382978 0.186428 0.21304255319148938 0.186036 0.2093563829787234 0.16869825
14 0.20659131205673759 0.15257400000000002 0.17279964539007092 0.15222725 0.1741817375886525 0.16953525 0.2078200354609929 0.1688715 0.20659131205673759 0.15257400000000002
14 0.21089228723404257 0.1697385 0.24591267730496455 0.16991175 0.24253368794326238 0.15118700000000002 0.2111994680851064 0.15118700000000002 0.20643794326241136 0.153162 0.21089228723404257 0.1697385
14 0.21365691489361702 0.18690275 0.24867774822695038 0.18620925 0.24714184397163122 0.17008525 0.20966356382978724 0.17057475 0.21365691489361702 0.18690275
14 0.217957890070922 0.20198675 0.24929210992907802 0.20198675 0.2456054964539007 0.18690275 0.2124281914893617 0.18616825 0.217957890070922 0.20198675
14 0.24591267730496455 0.18776974999999999 0.24867774822695038 0.20216 0.27094946808510634 0.20124175 0.26803102836879433 0.18707625 0.24591267730496455 0.18776974999999999
14 0.2456054964539007 0.17025875 0.24744902482269504 0.18620925 0.2677238475177305 0.186688 0.26495921985815607 0.17025875 0.2456054964539007 0.17025875
14 0.24314804964539008 0.15448125 0.24714184397163122 0.16991175 0.26634175531914894 0.16927525 0.2631161347517731 0.154308 0.24314804964539008 0.15448125