2 0.538311 0.755194 0.575601 0.755194 0.575601 0.772274 0.538311 0.772274
2 0.537616 0.775609 0.575050 0.775609 0.575050 0.792113 0.537616 0.792113
2 0.538312 0.796950 0.576981 0.796950 0.576981 0.812314 0.538312 0.812314
2 0.541443 0.811294 0.578083 0.811294 0.578083 0.827378 0.541443 0.827378
2 0.543184 0.827783 0.578911 0.827783 0.578911 0.847581 0.543184 0.847581
2 0.616953 0.653587 0.654736 0.653587 0.654736 0.670150 0.616953 0.670150
2 0.617649 0.670754 0.653909 0.670754 0.653909 0.687417 0.617649 0.687417
2 0.615562 0.690705 0.649497 0.690705 0.649497 0.709458 0.615562 0.709458
2 0.616953 0.710189 0.651426 0.710189 0.651426 0.728190 0.616953 0.728190
2 0.616953 0.728286 0.651426 0.728286 0.651426 0.746193 0.616953 0.746193
2 0.621825 0.745915 0.656666 0.745915 0.656666 0.761989 0.621825 0.761989
2 0.624608 0.762617 0.659698 0.762617 0.659698 0.779622 0.624608 0.779622
2 0.627045 0.780711 0.663834 0.780711 0.663834 0.799458 0.627045 0.799458
2 0.633032 0.798379 0.668247 0.798379 0.668247 0.820397 0.633032 0.820397
3 0.658710 0.667503 0.700782 0.667503 0.700782 0.692191 0.658710 0.692191
3 0.660449 0.693486 0.702437 0.693486 0.702437 0.717171 0.660449 0.717171
3 0.661493 0.717150 0.705192 0.717150 0.705192 0.741418 0.661493 0.741418
3 0.663580 0.742666 0.707675 0.742666 0.707675 0.767132 0.663580 0.767132
3 0.663929 0.767257 0.709054 0.767257 0.709054 0.792847 0.663929 0.792847
3 0.667758 0.793239 0.712086 0.793239 0.712086 0.817093 0.667758 0.817093
7 0.578329 0.744525 0.623068 0.744525 0.623068 0.773535 0.578329 0.773535
7 0.619390 0.820148 0.665806 0.820148 0.665806 0.848843 0.619390 0.848843
5 0.575544 0.774217 0.616726 0.774217 0.616726 0.800718 0.575544 0.800718
5 0.577285 0.802520 0.617002 0.802520 0.617002 0.825332 0.577285 0.825332
5 0.578674 0.826180 0.619207 0.826180 0.619207 0.846639 0.578674 0.846639
1 0.668453 0.818294 0.715712 0.818294 0.715712 0.847005 0.668453 0.847005
1 0.706907 0.679103 0.749075 0.679103 0.749075 0.703000 0.706907 0.703000
1 0.708817 0.709261 0.754313 0.709261 0.754313 0.728350 0.708817 0.728350
1 0.709862 0.735706 0.757897 0.735706 0.757897 0.759574 0.709862 0.759574
1 0.712296 0.764938 0.760101 0.764938 0.760101 0.785290 0.712296 0.785290
1 0.713342 0.788599 0.761482 0.788599 0.761482 0.817983 0.713342 0.817983
1 0.718212 0.819220 0.761481 0.819220 0.761481 0.845903 0.718212 0.845903
1 0.74438623046875 0.6754501953125001 0.7424560546875 0.6453271484374999 0.700117919921875 0.6508024088541667 0.701924560546875 0.6802259114583333 0.74438623046875 0.6754501953125001
1 0.694204345703125 0.6262249348958333 0.6762822265625 0.6460618489583333 0.680142333984375 0.6677360026041667 0.69778857421875 0.651572265625 0.74162890625 0.6449599609375 0.737350830078125 0.6206448567708334 0.694204345703125 0.6262249348958333
32 0.433613 0.245765 0.492612 0.245765 0.492612 0.359378 0.433613 0.359378
32 0.495204 0.244836 0.548033 0.244836 0.548033 0.360112 0.495204 0.360112
32 0.549141 0.254194 0.601523 0.254194 0.601523 0.359009 0.549141 0.359009
32 0.603076 0.244372 0.660254 0.244372 0.660254 0.358643 0.603076 0.358643
32 0.656664 0.247155 0.719640 0.247155 0.719640 0.359375 0.656664 0.359375
14 0.429421142578125 0.4803017578125 0.45947509765625 0.49168977864583335 0.458923583984375 0.4016878255208333 0.431075439453125 0.388462890625 0.402254638671875 0.3984075520833333 0.39991845703125 0.4883834635416667 0.429421142578125 0.4803017578125
14 0.457545166015625 0.5780182291666667 0.458372314453125 0.49205696614583333 0.425836669921875 0.48213834635416664 0.39981884765625 0.4888798828125 0.396334228515625 0.5769160156250001 0.457545166015625 0.5780182291666667
14 0.58154345703125 0.5118942057291667 0.592572509765625 0.5005061848958333 0.619869140625 0.4986695963541667 0.61821484375 0.4560563151041667 0.597811279296875 0.4461376953125 0.5772841796875 0.45176302083333336 0.577958984375 0.5254863281250001 0.58154345703125 0.5118942057291667
14 0.632828369140625 0.5802223307291666 0.62951953125 0.5063837890625 0.60966748046875 0.5005061848958333 0.5818076171875 0.5143977864583333 0.5834736328125 0.5787529296875 0.632828369140625 0.5802223307291666
19 0.489033447265625 0.479396484375 0.519638916015625 0.4885804036458334 0.518811767578125 0.401884765625 0.490412109375 0.38939453125 0.46036572265625 0.3984075520833333 0.460358154296875 0.4882132161458333 0.489033447265625 0.479396484375
19 0.489860595703125 0.5763782552083333 0.5201904296875 0.5785823567708334 0.51826025390625 0.4896826171875 0.4895849609375 0.48160091145833334 0.459669921875 0.48980794270833333 0.459255126953125 0.57784765625 0.489860595703125 0.5763782552083333
19 0.65957080078125 0.4996012369791667 0.676665771484375 0.5058463541666667 0.670599853515625 0.4312731119791667 0.647990478515625 0.42466080729166666 0.622520263671875 0.43645214843749996 0.62813818359375 0.5029072265625 0.65957080078125 0.4996012369791667
19 0.6777685546875 0.5785823567708334 0.675838623046875 0.50915234375 0.656813720703125 0.5051116536458333 0.631567626953125 0.5069742838541667 0.6342041015625 0.5818886718749999 0.6777685546875 0.5785823567708334
18 0.55419287109375 0.4819680989583333 0.577077880859375 0.49115201822916665 0.57597509765625 0.4011500651041667 0.54950537109375 0.39233333333333337 0.520216796875 0.4007272135416667 0.518624267578125 0.4900498046875 0.55419287109375 0.4819680989583333
18 0.578180908203125 0.5804192708333333 0.58038671875 0.5789498697916667 0.578732177734375 0.49115201822916665 0.519868896484375 0.49027180989583335 0.5200029296875 0.57748046875 0.578180908203125 0.5804192708333333
18 0.71466455078125 0.49372363281250004 0.709701416015625 0.444865234375 0.67332421875 0.445267578125 0.67551171875 0.5036419270833333 0.71466455078125 0.49372363281250004
18 0.73479248046875 0.5741741536458334 0.726244873046875 0.5018053385416666 0.704738525390625 0.4944583333333334 0.6763388671875 0.5073157552083333 0.68271923828125 0.5793525390625 0.73479248046875 0.5741741536458334
20 0.220056 0.850710 0.366882 0.850710 0.366882 1.000000 0.220056 1.000000
23 0.434572 0.666841 0.484408 0.666841 0.484408 0.848582 0.434572 0.848582
23 0.493165 0.676878 0.535673 0.676878 0.535673 0.842139 0.493165 0.842139
23 0.091554 0.663586 0.137162 0.663586 0.137162 0.844715 0.091554 0.844715
23 0.136606 0.666842 0.179722 0.666842 0.179722 0.838275 0.136606 0.838275
23 0.172513 0.666844 0.223248 0.666844 0.223248 0.842140 0.172513 0.842140
23 0.204711 0.666844 0.256134 0.666844 0.256134 0.839562 0.204711 0.839562
23 0.246469 0.665213 0.296759 0.665213 0.296759 0.849871 0.246469 0.849871
23 0.299071 0.657077 0.338351 0.657077 0.338351 0.838275 0.299071 0.838275
23 0.336753 0.665216 0.375107 0.665216 0.375107 0.843429 0.336753 0.843429
23 0.383301 0.626152 0.424438 0.626152 0.424438 0.852448 0.383301 0.852448
23 0.332078 0.253888 0.389690 0.253888 0.389690 0.358182 0.332078 0.358182
