7 0.2215302734375 0.500765869140625 0.2656682942708333 0.49303662109375 0.29971744791666666 0.501396728515625 0.29992773437500003 0.488935302734375 0.2679801432291667 0.478524169921875 0.22384212239583334 0.4885908203125 0.2215302734375 0.500765869140625
7 0.2215302734375 0.520799072265625 0.26924121093750003 0.509757080078125 0.2980361328125 0.5185908203125 0.3001376953125 0.503289794921875 0.2696614583333333 0.4938251953125 0.22321158854166667 0.5032509765625 0.2215302734375 0.520799072265625
7 0.19153483072916666 0.50336083984375 0.19376204427083332 0.48530859375 0.16258203125 0.4926630859375 0.16035481770833335 0.510796630859375 0.19153483072916666 0.50336083984375
7 0.3251884765625 0.384574462890625 0.32867903645833335 0.378811279296875 0.3279807942708333 0.3733974609375 0.3144847005208333 0.37706494140625 0.3162298177083333 0.38647412109375 0.3251884765625 0.384574462890625
7 0.3002903645833333 0.388765625 0.305875 0.386146240234375 0.3151826171875 0.38824169921875 0.31378645833333335 0.378287353515625 0.30052311197916665 0.38254736328125 0.3002903645833333 0.388765625
7 0.2881904296875 0.39592578125 0.2961018880208333 0.39295703125 0.300755859375 0.389114990234375 0.30122102864583333 0.383526611328125 0.28621256510416665 0.387782958984375 0.2881904296875 0.39592578125
7 0.27259993489583334 0.3948779296875 0.27958072916666665 0.398021484375 0.28679427083333336 0.39540185546875 0.28586328125 0.388765625 0.2712037760416667 0.3927568359375 0.27259993489583334 0.3948779296875
5 0.4801432291666667 0.307373046875 0.48046875 0.310546875 0.4879557291666667 0.31298828125 0.4876302083333333 0.314208984375 0.4899088541666667 0.3076171875 0.4947916666666667 0.305419921875 0.498046875 0.3056640625 0.5182291666666666 0.298095703125 0.51953125 0.296630859375 0.5192057291666666 0.293212890625 0.5169270833333334 0.2900390625 0.515625 0.28466796875 0.51171875 0.282958984375 0.4840494791666667 0.2978515625 0.4775390625 0.30029296875 0.4772135416666667 0.3037109375 0.4801432291666667 0.307373046875
5 0.5205078125 0.293212890625 0.5221354166666666 0.294189453125 0.529296875 0.29443359375 0.5367838541666666 0.28955078125 0.5582682291666666 0.28173828125 0.5699869791666666 0.279541015625 0.5709635416666666 0.27587890625 0.5533854166666666 0.267333984375 0.5501302083333334 0.26708984375 0.5393880208333334 0.274169921875 0.5266927083333334 0.281005859375 0.51953125 0.282958984375 0.5179036458333334 0.28466796875 0.5179036458333334 0.28857421875 0.5205078125 0.293212890625
5 0.4114583333333333 0.31201171875 0.4147135416666667 0.31591796875 0.435546875 0.31298828125 0.4475911458333333 0.30908203125 0.4544270833333333 0.30810546875 0.4641927083333333 0.30859375 0.466796875 0.310546875 0.4690755208333333 0.30908203125 0.4736328125 0.311279296875 0.474609375 0.310791015625 0.4739583333333333 0.30029296875 0.4654947916666667 0.292724609375 0.4599609375 0.29052734375 0.4469401041666667 0.293212890625 0.4147135416666667 0.30419921875 0.4111328125 0.307373046875 0.4114583333333333 0.31201171875
5 0.3850911458333333 0.328125 0.3938802083333333 0.32666015625 0.4010416666666667 0.3232421875 0.4039713541666667 0.3232421875 0.4098307291666667 0.321044921875 0.4114583333333333 0.318115234375 0.4108072916666667 0.31396484375 0.4143880208333333 0.306884765625 0.412109375 0.305908203125 0.4078776041666667 0.305908203125 0.4029947916666667 0.30712890625 0.392578125 0.3115234375 0.3766276041666667 0.316162109375 0.3756510416666667 0.317626953125 0.3766276041666667 0.33203125 0.3850911458333333 0.328125
5 0.3802083333333333 0.351318359375 0.3818359375 0.346435546875 0.3841145833333333 0.34375 0.3935546875 0.34228515625 0.4010416666666667 0.33935546875 0.4046223958333333 0.33935546875 0.416015625 0.335205078125 0.4186197916666667 0.331787109375 0.4192708333333333 0.323974609375 0.4182942708333333 0.322021484375 0.4147135416666667 0.320556640625 0.3974609375 0.324462890625 0.3958333333333333 0.326171875 0.3889973958333333 0.328369140625 0.3870442708333333 0.327880859375 0.3841145833333333 0.329833984375 0.3795572916666667 0.3291015625 0.3766276041666667 0.326904296875 0.3763020833333333 0.33544921875 0.3802083333333333 0.351318359375
5 0.4643870442708333 0.322103515625 0.4809156901041667 0.329757568359375 0.4809156901041667 0.316560791015625 0.46333203125 0.307587158203125 0.4177900390625 0.319408935546875 0.42007584635416667 0.335036376953125 0.4643870442708333 0.322103515625
5 0.38068815104166664 0.363013427734375 0.42218587239583333 0.352719970703125 0.41972428385416666 0.335564208984375 0.37928157552083336 0.347103271484375 0.38068815104166664 0.363013427734375
5 0.4242958984375 0.3506083984375 0.46860709635416664 0.3387314453125 0.48161914062500005 0.329757568359375 0.4647386067708333 0.3231591796875 0.41990006510416666 0.335234375 0.4242958984375 0.3506083984375
5 0.490390625 0.32271923828125 0.5261328125 0.309106689453125 0.5273333333333333 0.29537451171875 0.48665625 0.308906494140625 0.490390625 0.32271923828125
5 0.5069280598958333 0.330726806640625 0.5309342447916666 0.32372021484375 0.5312008463541666 0.308906494140625 0.4909241536458333 0.322081298828125 0.492791015625 0.32672314453125 0.5069280598958333 0.330726806640625
5 0.5352018229166667 0.321518310546875 0.5784127604166667 0.30630419921875 0.5938834635416667 0.3123095703125 0.5917493489583333 0.300498779296875 0.5754788411458334 0.29269140625 0.5313343098958333 0.307377685546875 0.5352018229166667 0.321518310546875
5 0.5496054687499999 0.32300390625 0.5541399739583334 0.328809326171875 0.5821471354166666 0.318800048828125 0.5973509114583333 0.324205078125 0.5933499348958333 0.31219384765625 0.5784127604166667 0.306388671875 0.5385361328125 0.3205810546875 0.5496054687499999 0.32300390625
5 0.5664069010416667 0.3440849609375 0.5874368489583334 0.337140380859375 0.5818287760416666 0.319673828125 0.554349609375 0.329749755859375 0.5574339192708333 0.338823974609375 0.5664069010416667 0.3440849609375