28 0.09505208333333333 0.425048828125 0.09765625 0.426025390625 0.10970052083333333 0.424560546875 0.11263020833333333 0.426513671875 0.12044270833333333 0.423828125 0.1279296875 0.4248046875 0.1298828125 0.426025390625 0.13118489583333334 0.42431640625 0.1337890625 0.423828125 0.13704427083333334 0.426025390625 0.1376953125 0.42333984375 0.14225260416666666 0.418212890625 0.142578125 0.41064453125 0.1416015625 0.4052734375 0.14029947916666666 0.404052734375 0.09505208333333333 0.404052734375 0.09212239583333333 0.406494140625 0.091796875 0.42041015625 0.09505208333333333 0.425048828125
5 0.092376 0.422892 0.140931 0.422892 0.140931 0.436986 0.092376 0.436986
5 0.142915 0.385240 0.193706 0.385240 0.193706 0.402206 0.142915 0.402206
5 0.146261 0.403564 0.196623 0.403564 0.196623 0.420688 0.146261 0.420688
5 0.149606 0.421888 0.201130 0.421888 0.201130 0.437780 0.149606 0.437780
5 0.143918 0.439961 0.194500 0.439961 0.194500 0.456265 0.143918 0.456265
5 0.146930 0.457031 0.197419 0.457031 0.197419 0.471172 0.146930 0.471172
5 0.113127 0.436449 0.139341 0.436449 0.139341 0.470973 0.113127 0.470973
5 0.169354 0.348088 0.198478 0.348088 0.198478 0.364861 0.169354 0.364861
5 0.209852 0.302404 0.257088 0.302404 0.257088 0.317557 0.209852 0.317557
5 0.208179 0.320729 0.257355 0.320729 0.257355 0.336439 0.208179 0.336439
5 0.207173 0.339807 0.258680 0.339807 0.258680 0.355520 0.207173 0.355520
5 0.199476 0.358130 0.247542 0.358130 0.247542 0.374004 0.199476 0.374004
5 0.200145 0.375702 0.249132 0.375702 0.249132 0.391295 0.200145 0.391295
5 0.201818 0.393273 0.249927 0.393273 0.249927 0.408387 0.201818 0.408387
5 0.202824 0.410342 0.249930 0.410342 0.249930 0.425679 0.202824 0.425679
5 0.22791699218749997 0.4429169921875 0.22765169270833333 0.4395380859375 0.2531110026041667 0.438345703125 0.25019401041666667 0.425029296875 0.20416178385416664 0.426658203125 0.20563997395833333 0.44311572265625 0.22791699218749997 0.4429169921875
5 0.22791699218749997 0.459214599609375 0.2265908203125 0.443314453125 0.20315755208333333 0.443727294921875 0.20537467447916666 0.45881689453125 0.22791699218749997 0.459214599609375
5 0.226060546875 0.4719345703125 0.22526497395833334 0.46179833984375 0.2075087890625 0.461298828125 0.20855729166666667 0.473922119140625 0.226060546875 0.4719345703125
5 0.3212682291666667 0.455239501953125 0.3244505208333333 0.43814697265625 0.2915654296875 0.437153076171875 0.22844726562499998 0.43973681640625 0.22818229166666668 0.456630615234375 0.287322265625 0.451661865234375 0.3212682291666667 0.455239501953125
5 0.26637109375 0.470145751953125 0.3098642578125 0.471537109375 0.31092513020833334 0.455239501953125 0.26637109375 0.454046875 0.22759016927083334 0.457282470703125 0.22818229166666668 0.469947021484375 0.26637109375 0.470145751953125
5 0.095931 0.402147 0.145124 0.402147 0.145124 0.422120 0.095931 0.422120
17 0.678968 0.385383 0.760765 0.385383 0.760765 0.478396 0.678968 0.478396
17 0.764655 0.339280 0.834564 0.339280 0.834564 0.409260 0.764655 0.409260
17 0.765584 0.409833 0.835301 0.409833 0.835301 0.476183 0.765584 0.476183
17 0.683623 0.313435 0.765192 0.313435 0.765192 0.384373 0.683623 0.384373
17 0.600732 0.302258 0.676631 0.302258 0.676631 0.354504 0.600732 0.354504
14 0.567467 0.353250 0.671465 0.353250 0.671465 0.418250 0.567467 0.418250
14 0.568135 0.421008 0.665563 0.421008 0.665563 0.473005 0.568135 0.473005
24 0.104315 0.564205 0.138634 0.564205 0.138634 0.583544 0.104315 0.583544
24 0.143433 0.591449 0.174797 0.591449 0.174797 0.608986 0.143433 0.608986
26 0.105244 0.588655 0.141585 0.588655 0.141585 0.609539 0.105244 0.609539
26 0.095931 0.610309 0.140111 0.610309 0.140111 0.640511 0.095931 0.640511
26 0.139705 0.609608 0.174058 0.609608 0.174058 0.642169 0.139705 0.642169
26 0.175098 0.608213 0.210957 0.608213 0.210957 0.639404 0.175098 0.639404
26 0.212350 0.610308 0.236048 0.610308 0.236048 0.639956 0.212350 0.639956
26 0.095933 0.643837 0.141587 0.643837 0.141587 0.667057 0.095933 0.667057
26 0.144362 0.641044 0.175534 0.641044 0.175534 0.670377 0.144362 0.670377
26 0.176029 0.641045 0.210957 0.641045 0.210957 0.669824 0.176029 0.669824
26 0.213281 0.636853 0.236048 0.636853 0.236048 0.660974 0.213281 0.660974
26 0.098726 0.668983 0.117231 0.668983 0.117231 0.691393 0.098726 0.691393
26 0.247744 0.560713 0.284020 0.560713 0.284020 0.586309 0.247744 0.586309
29 0.552004 0.533466 0.681180 0.533466 0.681180 0.605406 0.552004 0.605406
35 0.038979 0.000000 0.923950 0.000000 0.923950 0.283867 0.038979 0.283867
34 0.3781754557291667 0.413171875 0.4273974609375 0.41661767578125 0.42766796875 0.35864990234375 0.3773642578125 0.35459619140625 0.32936881510416666 0.35702587890625 0.32787174479166664 0.41519873046875 0.3781754557291667 0.413171875
34 0.37493001302083334 0.470841796875 0.4339111328125 0.471855224609375 0.4371565755208333 0.419765380859375 0.38279622395833335 0.41449560546875 0.33141666666666664 0.41615869140625 0.3311171875 0.46922021484375 0.37493001302083334 0.470841796875
18 0.5673583984375 0.47292431640625 0.5668430989583334 0.433004638671875 0.5098157552083333 0.434683837890625 0.5103115234375 0.471250244140625 0.5673583984375 0.47292431640625
18 0.5652353515625 0.432894287109375 0.5669248046875001 0.391956787109375 0.5131227213541667 0.39321484375 0.5117369791666667 0.4312060546875 0.5652353515625 0.432894287109375
34 0.32987239583333333 0.419080810546875 0.330435546875 0.3583076171875 0.2530078125 0.3612333984375 0.25497493489583334 0.4195029296875 0.32987239583333333 0.419080810546875
34 0.36366080729166667 0.354578125 0.36309765624999996 0.322503173828125 0.26153645833333333 0.319124755859375 0.26004296875 0.35837646484375 0.36366080729166667 0.354578125
34 0.5102532552083333 0.434095947265625 0.5125055338541666 0.390626220703125 0.44489615885416667 0.3873515625 0.4392972005208333 0.4302978515625 0.5102532552083333 0.434095947265625
34 0.5085638020833333 0.473417236328125 0.5102532552083333 0.4371220703125 0.4399212239583334 0.43212548828125 0.43704492187500005 0.47172900390625 0.5085638020833333 0.473417236328125
2 0.111984 0.327360 0.163693 0.327360 0.163693 0.344896 0.111984 0.344896
2 0.113283 0.344889 0.162407 0.344889 0.162407 0.360511 0.113283 0.360511
2 0.14080208333333333 0.376123046875 0.14157356770833332 0.369183837890625 0.16060644531249998 0.36725634765625 0.16060644531249998 0.362052001953125 0.11523014322916668 0.36241650390625 0.11482486979166667 0.37535205078125 0.14080208333333333 0.376123046875
2 0.14234505208333334 0.39154345703125 0.14183072916666667 0.37477392578125 0.11425618489583333 0.375319091796875 0.11379622395833333 0.38980859375 0.14234505208333334 0.39154345703125
2 0.14363118489583335 0.40272314453125 0.14285970052083333 0.390965087890625 0.11425618489583333 0.391142822265625 0.11559635416666668 0.402337646484375 0.14363118489583335 0.40272314453125
5 0.141523 0.367529 0.198568 0.367529 0.198568 0.384541 0.141523 0.384541
33 0.28789029947916667 0.622722900390625 0.2873756510416667 0.675537353515625 0.3169537760416667 0.678043212890625 0.31746809895833333 0.656454833984375 0.3282705078125 0.653177978515625 0.3272415364583333 0.63968505859375 0.3290419921875 0.618482177734375 0.3202972005208333 0.605760498046875 0.3159248046875 0.580124267578125 0.29862434895833334 0.579324951171875 0.2961204427083333 0.607880859375 0.28789029947916667 0.622722900390625
33 0.7070143229166667 0.663098388671875 0.6985266927083332 0.63457080078125 0.6905533854166667 0.628788330078125 0.6815514322916667 0.60662158203125 0.6681770833333333 0.61066943359375 0.6740927734375001 0.63052294921875 0.6681770833333333 0.63861865234375 0.6793701171875001 0.675728515625 0.7070143229166667 0.663098388671875
33 0.7252753906249999 0.678325927734375 0.7515097656249999 0.643244873046875 0.7643697916666666 0.629173828125 0.7548531901041667 0.62589697265625 0.7412216796875 0.637462158203125 0.7281044921875001 0.640353515625 0.6933274739583334 0.67524169921875 0.7252753906249999 0.678325927734375
33 0.7617975260416667 0.68738525390625 0.7731142578125 0.67215771484375 0.7666842447916666 0.661556396484375 0.7725999348958333 0.6474853515625 0.7741432291666667 0.61934326171875 0.7674560546875 0.62666796875 0.7545960286458334 0.63784765625 0.7342262369791667 0.67791943359375 0.7617975260416667 0.68738525390625
29 0.8145234375 0.591475341796875 0.8068076171874999 0.549795166015625 0.6871604817708333 0.5754296875 0.7018701171875 0.614991455078125 0.8145234375 0.591475341796875