5 0.238006 0.711035 0.335605 0.711035 0.335605 0.755581 0.238006 0.755581
2 0.14631293402777779 0.423322509765625 0.15083550347222222 0.4070537109375 0.07648177083333334 0.401220458984375 0.07530859375 0.41595068359375 0.14631293402777779 0.423322509765625
2 0.14631293402777779 0.44035400390625 0.15219227430555557 0.42357666015625 0.07876475694444444 0.4169521484375 0.07033376736111112 0.43272802734375 0.14631293402777779 0.44035400390625
2 0.14812196180555556 0.457639892578125 0.15219227430555557 0.44289599609375 0.08161848958333334 0.433646728515625 0.07440407986111111 0.449251220703125 0.14812196180555556 0.457639892578125
2 0.14179036458333333 0.4744169921875 0.1476697048611111 0.4591650390625 0.07534027777777778 0.451625732421875 0.06852473958333333 0.465774169921875 0.14179036458333333 0.4744169921875
2 0.1354587673611111 0.490431884765625 0.14179036458333333 0.475433837890625 0.06963237847222221 0.466715087890625 0.06219314236111111 0.482551513671875 0.1354587673611111 0.490431884765625
2 0.13222786458333335 0.5058837890625 0.1379296875 0.490879638671875 0.06410720486111111 0.485103515625 0.05706901041666666 0.50020263671875 0.13222786458333335 0.5058837890625
2 0.12794574652777777 0.523782470703125 0.13442491319444444 0.506884521484375 0.05985503472222223 0.500741943359375 0.052786458333333335 0.516790283203125 0.12794574652777777 0.523782470703125
2 0.1222439236111111 0.53951513671875 0.1256128472222222 0.5245107421875 0.052332465277777775 0.518587890625 0.045789062500000005 0.53441650390625 0.1222439236111111 0.53951513671875
2 0.2778424479166667 0.501813232421875 0.2861358506944444 0.486663330078125 0.22535590277777778 0.479216064453125 0.22030729166666668 0.494529541015625 0.2778424479166667 0.501813232421875
2 0.26980859375 0.519595703125 0.27939756944444444 0.502115234375 0.21848741319444442 0.495406494140625 0.20864453125 0.512603515625 0.26980859375 0.519595703125
2 0.35132291666666665 0.488600341796875 0.35702473958333336 0.473741943359375 0.2953502604166667 0.466889404296875 0.29171440972222223 0.481171142578125 0.35132291666666665 0.488600341796875
2 0.34432552083333334 0.504478759765625 0.34976822916666667 0.48918310546875 0.29077126736111114 0.48307958984375 0.28134765625 0.49879736328125 0.34432552083333334 0.504478759765625
2 0.33940147569444445 0.52166796875 0.3458806423611111 0.505352783203125 0.2842296006944445 0.499822021484375 0.2756458333333333 0.51525830078125 0.33940147569444445 0.52166796875
2 0.3355138888888889 0.537825439453125 0.3355138888888889 0.520927490234375 0.2727821180555556 0.5171162109375 0.27460937500000004 0.5331640625 0.3355138888888889 0.537825439453125
2 0.32955295138888885 0.55355810546875 0.32955295138888885 0.538699462890625 0.2652595486111111 0.534042236328125 0.2652790798611111 0.549479248046875 0.32955295138888885 0.55355810546875
2 0.5898663194444445 0.518350341796875 0.5458077256944445 0.521263671875 0.541142361111111 0.5305869140625 0.5870151909722222 0.528256103515625 0.6274457465277777 0.530441162109375 0.6273333333333333 0.5195078125 0.5898663194444445 0.518350341796875
2 0.585201388888889 0.530004150390625 0.539328125 0.531752197265625 0.5377734375 0.544280029296875 0.5499544270833333 0.544717041015625 0.5623940972222222 0.54894140625 0.5660225694444444 0.5351025390625 0.5867560763888888 0.53539404296875 0.6235581597222223 0.53553955078125 0.6240625 0.53091455078125 0.585201388888889 0.530004150390625
2 0.6328880208333333 0.510192626953125 0.5836462673611111 0.513543212890625 0.5833871527777778 0.517767578125 0.633665798611111 0.518787353515625 0.6698532986111112 0.52245166015625 0.6707269965277778 0.514562744140625 0.6328880208333333 0.510192626953125
2 0.6341840277777778 0.52082666015625 0.6282230902777778 0.521409423828125 0.6271866319444445 0.530149658203125 0.6323697916666666 0.530004150390625 0.6702083333333334 0.53277197265625 0.6718159722222222 0.522635498046875 0.6341840277777778 0.52082666015625
2 0.6678758680555555 0.538453125 0.6694309895833332 0.533208984375 0.6247170138888889 0.530730712890625 0.6248537326388889 0.53553955078125 0.6678758680555555 0.538453125
6 0.2295013020833333 0.434651611328125 0.2370685763888889 0.41486474609375 0.15985546875 0.405616943359375 0.15284375 0.426330078125 0.2295013020833333 0.434651611328125
6 0.31504210069444444 0.43783056640625 0.36340538194444444 0.448186279296875 0.36834071180555555 0.435056640625 0.31668706597222224 0.425995361328125 0.2682248263888889 0.436446044921875 0.2653628472222222 0.44504248046875 0.31504210069444444 0.43783056640625
6 0.30385590277777774 0.440049560546875 0.2864188368055556 0.444302978515625 0.27029774305555554 0.451514892578125 0.29892100694444446 0.454843505859375 0.35254861111111113 0.4631650390625 0.35749479166666664 0.448591064453125 0.30385590277777774 0.440049560546875
6 0.3505746527777778 0.472411376953125 0.3535355902777778 0.46242529296875 0.29812022569444446 0.45489697265625 0.293328125 0.46741845703125 0.3505746527777778 0.472411376953125
6 0.38562543402777777 0.511655029296875 0.3882573784722222 0.5000048828125 0.3483602430555555 0.496236328125 0.3445 0.507586669921875 0.38562543402777777 0.511655029296875
6 0.38299348958333335 0.52275048828125 0.38595442708333333 0.51054541015625 0.34420833333333334 0.50744677734375 0.3405520833333333 0.51923681640625 0.38299348958333335 0.52275048828125
6 0.38003255208333336 0.534955322265625 0.3823355034722222 0.523675048828125 0.3359040798611111 0.520058837890625 0.3339722222222222 0.531811767578125 0.38003255208333336 0.534955322265625
6 0.3744392361111111 0.547900146484375 0.3787165798611111 0.535880126953125 0.3354887152777778 0.5326708984375 0.32969487847222223 0.544571533203125 0.3744392361111111 0.547900146484375
6 0.37509722222222225 0.5547421875 0.37674262152777777 0.546605712890625 0.3305065104166667 0.54458203125 0.32936588541666667 0.552523193359375 0.37509722222222225 0.5547421875
6 0.4975104166666666 0.492792724609375 0.47612543402777774 0.49723095703125 0.4748090277777778 0.5040732421875 0.49849739583333336 0.5005595703125 0.525146701388889 0.502778564453125 0.5239934895833334 0.492966552734375 0.4975104166666666 0.492792724609375
6 0.47612543402777774 0.504812744140625 0.4771124131944445 0.510360595703125 0.4800733506944444 0.510915283203125 0.5008003472222222 0.5086962890625 0.5304105902777778 0.510360595703125 0.5285611979166667 0.5009072265625 0.47612543402777774 0.504812744140625
6 0.5037612847222221 0.51720263671875 0.5317265624999999 0.5179423828125 0.5333715277777777 0.5098056640625 0.5044192708333334 0.50943603515625 0.4800733506944444 0.51183984375 0.47956640625 0.51889111328125 0.5037612847222221 0.51720263671875
6 0.5011293402777778 0.523675048828125 0.5024453125 0.524969482421875 0.5307395833333334 0.52589404296875 0.529423611111111 0.518312255859375 0.5024453125 0.517757568359375 0.4803967013888889 0.519358154296875 0.4787573784722222 0.52275048828125 0.5011293402777778 0.523675048828125
6 0.5297526041666667 0.53403076171875 0.529423611111111 0.526263916015625 0.5019874131944444 0.5256640625 0.5011293402777778 0.532736328125 0.5297526041666667 0.53403076171875
6 0.525146701388889 0.542537353515625 0.5264626736111111 0.5342158203125 0.4986657986111111 0.53197021484375 0.49685243055555556 0.541797607421875 0.525146701388889 0.542537353515625
6 0.5248177083333334 0.5510439453125 0.5261336805555555 0.54272216796875 0.49783550347222216 0.542480224609375 0.4978394097222222 0.549934326171875 0.5248177083333334 0.5510439453125
6 0.5241597222222222 0.557701171875 0.5264626736111111 0.549009765625 0.4986657986111111 0.5504208984375 0.4971814236111112 0.556591552734375 0.5241597222222222 0.557701171875
6 0.5254756944444444 0.563248779296875 0.5244887152777777 0.55899560546875 0.4970052083333333 0.5576611328125 0.4965234375 0.561399658203125 0.5254756944444444 0.563248779296875
5 0.23024305555555558 0.4569208984375 0.23544487847222223 0.43728955078125 0.1594318576388889 0.4282021484375 0.15147222222222223 0.4481494140625 0.23024305555555558 0.4569208984375
5 0.2308572048611111 0.47722705078125 0.2359869791666667 0.4572568359375 0.1565763888888889 0.448828369140625 0.14744878472222223 0.46836328125 0.2308572048611111 0.47722705078125
5 0.21755729166666668 0.498753662109375 0.2232573784722222 0.477715576171875 0.14506684027777778 0.468655029296875 0.1366189236111111 0.490317138671875 0.21755729166666668 0.498753662109375
5 0.292421875 0.46945654296875 0.2969817708333333 0.455787109375 0.23618315972222226 0.449367919921875 0.2352326388888889 0.462194580078125 0.292421875 0.46945654296875
5 0.2884318576388889 0.484727783203125 0.29356163194444446 0.469883544921875 0.23522395833333334 0.46285546875 0.2297230902777778 0.4777861328125 0.2884318576388889 0.484727783203125
5 0.36152256944444444 0.497543212890625 0.3867921006944444 0.499892578125 0.38926215277777776 0.4974365234375 0.4363810763888889 0.501494384765625 0.43980121527777777 0.48953369140625 0.39108072916666664 0.485784423828125 0.36209288194444444 0.493805419921875 0.36152256944444444 0.497543212890625
5 0.38926215277777776 0.497863525390625 0.38622222222222224 0.509397216796875 0.4348611111111111 0.51356201171875 0.43735850694444445 0.501969482421875 0.38926215277777776 0.497863525390625
5 0.4322013888888889 0.52530908203125 0.43505121527777774 0.513775634765625 0.3870047743055556 0.5093876953125 0.38375217013888885 0.521464599609375 0.4322013888888889 0.52530908203125
5 0.43030121527777776 0.537259521484375 0.43334114583333333 0.525619140625 0.38412717013888886 0.521661376953125 0.3801423611111111 0.53384228515625 0.43030121527777776 0.537259521484375
5 0.4265013020833333 0.5493271484375 0.43030121527777776 0.53747314453125 0.38077039930555556 0.53433984375 0.37729253472222224 0.545802978515625 0.4265013020833333 0.5493271484375
5 0.4272612847222222 0.55851123046875 0.42802126736111107 0.549754150390625 0.37813281249999997 0.54634375 0.3769123263888889 0.55520068359375 0.4272612847222222 0.55851123046875
5 0.49638628472222224 0.532443115234375 0.4980959201388889 0.52357958984375 0.4771618923611112 0.522875244140625 0.47624652777777776 0.531054931640625 0.49638628472222224 0.532443115234375
5 0.4960060763888889 0.540345947265625 0.4979058159722222 0.53233642578125 0.4776414930555556 0.53137255859375 0.47624652777777776 0.539491455078125 0.4960060763888889 0.540345947265625
5 0.49752604166666664 0.548782470703125 0.49733593750000005 0.540559326171875 0.476921875 0.5402744140625 0.47738628472222217 0.5478212890625 0.49752604166666664 0.548782470703125
5 0.4958159722222222 0.55668505859375 0.49771614583333335 0.54856884765625 0.4776414930555556 0.547827392578125 0.4760564236111111 0.555723876953125 0.4958159722222222 0.55668505859375
5 0.49524609375 0.56160498046875 0.49562630208333336 0.556906005859375 0.47500390625000005 0.555515380859375 0.4747265625 0.56043017578125 0.49524609375 0.56160498046875
5 0.2436332465277778 0.63350830078125 0.22943055555555553 0.685397705078125 0.24279774305555554 0.691971923828125 0.23778515625 0.710285888671875 0.2486462673611111 0.7126337890625 0.32091276041666666 0.713338134765625 0.3326514756944444 0.6407353515625 0.29919097222222224 0.633977783203125 0.2436332465277778 0.63350830078125
7 0.08416276041666666 0.726197998046875 0.07154774305555556 0.736390869140625 0.062086805555555555 0.8126142578125 0.2103125 0.81571630859375 0.22686588541666663 0.729127685546875 0.08416276041666666 0.726197998046875
7 0.23081206597222226 0.7235390625 0.2394848090277778 0.688529541015625 0.01691536458333333 0.687150146484375 0.01635720486111111 0.72043701171875 0.23081206597222226 0.7235390625
7 0.024241753472222224 0.682496826171875 0.04079904513888889 0.687814697265625 0.18902473958333332 0.689144287109375 0.20715885416666666 0.618681884765625 0.06368142361111112 0.6138291015625 0.0431640625 0.608932373046875 0.024241753472222224 0.682496826171875
1 0.1995642361111111 0.54533154296875 0.20505815972222222 0.530603515625 0.13387369791666667 0.524639892578125 0.12518229166666667 0.54010546875 0.1995642361111111 0.54533154296875
1 0.2025251736111111 0.530236083984375 0.20759678819444444 0.5140830078125 0.13600694444444444 0.508138916015625 0.1285659722222222 0.52572265625 0.2025251736111111 0.530236083984375
1 0.20499652777777777 0.51398486328125 0.2128650173611111 0.4987939453125 0.1424748263888889 0.491224609375 0.13418098958333335 0.507447021484375 0.20499652777777777 0.51398486328125
1 0.2652065972222222 0.535578857421875 0.26999609375 0.5194267578125 0.2072361111111111 0.514781494140625 0.20362803819444444 0.53038720703125 0.2652065972222222 0.535578857421875
1 0.2631540798611111 0.5488466796875 0.26725911458333335 0.53634814453125 0.2059409722222222 0.531295654296875 0.20020703125 0.544424072265625 0.2631540798611111 0.5488466796875
1 0.5551714409722223 0.553461669921875 0.5551714409722223 0.54596240234375 0.5275889756944445 0.5448955078125 0.5271189236111111 0.552115478515625 0.5551714409722223 0.553461669921875
1 0.5558559027777777 0.560191650390625 0.5551714409722223 0.553269287109375 0.5262934027777777 0.552666748046875 0.5264348958333334 0.5586533203125 0.5558559027777777 0.560191650390625
1 0.5544874131944444 0.564806640625 0.5520924479166667 0.560191650390625 0.5262934027777777 0.559223876953125 0.52506640625 0.56365283203125 0.5544874131944444 0.564806640625
1 0.4778958333333333 0.52250341796875 0.4799487847222222 0.5117353515625 0.43735460069444443 0.508710205078125 0.43444878472222226 0.519619140625 0.4778958333333333 0.52250341796875
1 0.47652777777777783 0.53231005859375 0.47652777777777783 0.522695556640625 0.4343324652777778 0.5203671875 0.4330807291666667 0.53000244140625 0.47652777777777783 0.53231005859375
1 0.47584331597222224 0.54192431640625 0.47858029513888883 0.53211767578125 0.43260546875 0.530081298828125 0.43137022569444444 0.539424560546875 0.47584331597222224 0.54192431640625
1 0.4761853298611112 0.5526923828125 0.47823828125000006 0.5428857421875 0.4313103298611111 0.540524169921875 0.43000173611111114 0.551346435546875 0.4761853298611112 0.5526923828125
1 0.4737907986111111 0.561345458984375 0.4748172743055556 0.552115478515625 0.4295833333333333 0.551695556640625 0.4286332465277778 0.558268798828125 0.4737907986111111 0.561345458984375
1 0.5638728298611111 0.5436416015625 0.5984253472222222 0.543257080078125 0.6295564236111111 0.5436416015625 0.6295564236111111 0.53518115234375 0.5988263888888888 0.5356669921875 0.5666098090277778 0.535373291015625 0.5638728298611111 0.5436416015625
1 0.5628463541666666 0.55287158203125 0.5973988715277777 0.552294677734375 0.6254513888888888 0.55248681640625 0.6257934027777777 0.543833984375 0.5979626736111111 0.5441669921875 0.5628463541666666 0.544218505859375 0.5628463541666666 0.55287158203125
1 0.5638728298611111 0.56056298828125 0.5956883680555555 0.5597939453125 0.6244249131944444 0.559986083984375 0.6247673611111111 0.55191015625 0.5949405381944444 0.5533955078125 0.5638728298611111 0.5534482421875 0.5638728298611111 0.56056298828125
1 0.5635308159722222 0.5653701171875 0.5950043402777778 0.567677734375 0.625109375 0.56863916015625 0.6244249131944444 0.559986083984375 0.5949405381944444 0.55995263671875 0.5635308159722222 0.560947509765625 0.5635308159722222 0.5653701171875
1 0.6616297743055556 0.545484130859375 0.6612877604166667 0.538369384765625 0.63120703125 0.536638427734375 0.6322087673611111 0.544330322265625 0.6616297743055556 0.545484130859375
1 0.6551297743055556 0.553367919921875 0.6554717881944445 0.545291748046875 0.6251627604166666 0.5448955078125 0.6246827256944445 0.55356005859375 0.6551297743055556 0.553367919921875
1 0.6571822916666666 0.56144384765625 0.6575247395833332 0.553944580078125 0.6260260416666666 0.553152587890625 0.6263932291666667 0.560482421875 0.6571822916666666 0.56144384765625
1 0.6564982638888889 0.56952001953125 0.6551297743055556 0.561828369140625 0.6247309027777779 0.56068115234375 0.6257092013888889 0.567981689453125 0.6564982638888889 0.56952001953125
1 0.6889978298611111 0.54759912109375 0.6893402777777777 0.54010009765625 0.6618606770833333 0.53906689453125 0.66265625 0.5449072265625 0.6889978298611111 0.54759912109375
1 0.6855768229166667 0.555290771484375 0.6869453125 0.54759912109375 0.6584066840277778 0.54610986328125 0.6578667534722222 0.554521484375 0.6855768229166667 0.555290771484375
1 0.6866032986111111 0.563174560546875 0.6859192708333333 0.55548291015625 0.6597018229166667 0.5548525390625 0.6588927951388889 0.561828369140625 0.6866032986111111 0.563174560546875
1 0.6862612847222223 0.571635009765625 0.6862612847222223 0.56375146484375 0.6575434027777778 0.56140966796875 0.6575247395833332 0.56952001953125 0.6862612847222223 0.571635009765625
1 0.7180768229166667 0.54952197265625 0.7184188368055556 0.54183056640625 0.690787326388889 0.54028125 0.691392795138889 0.546830078125 0.7180768229166667 0.54952197265625
1 0.7160243055555555 0.5568291015625 0.7160243055555555 0.549137451171875 0.6890603298611111 0.54756689453125 0.6869453125 0.55567529296875 0.7160243055555555 0.5568291015625
1 0.7139713541666667 0.564712890625 0.7163663194444445 0.5564443359375 0.6873333333333334 0.55606689453125 0.6872873263888889 0.56375146484375 0.7139713541666667 0.564712890625
1 0.7129453125 0.5722119140625 0.7143138020833333 0.565097412109375 0.6881970486111111 0.564566650390625 0.6869453125 0.571827392578125 0.7129453125 0.5722119140625
1 0.7444188368055555 0.551445068359375 0.7447608506944445 0.543561279296875 0.7201458333333333 0.54149560546875 0.719787326388889 0.54952197265625 0.7444188368055555 0.551445068359375
1 0.7440768229166667 0.5585595703125 0.7457873263888889 0.551252685546875 0.7175555555555556 0.549995361328125 0.7167083333333334 0.558175048828125 0.7440768229166667 0.5585595703125
1 0.7433923611111112 0.5662509765625 0.7440768229166667 0.558944091796875 0.7173923611111112 0.557213623046875 0.7171236979166666 0.563595458984375 0.7433923611111112 0.5662509765625
1 0.7451028645833334 0.57336572265625 0.7444188368055555 0.56567431640625 0.7153967013888889 0.564323974609375 0.7146558159722223 0.5725966796875 0.7451028645833334 0.57336572265625
12 0.19653689236111113 0.29097802734375 0.209390625 0.290422119140625 0.2196076388888889 0.294497802734375 0.2383940972222222 0.296535400390625 0.24300824652777775 0.247999755859375 0.21565277777777778 0.23595849609375 0.134765625 0.245130126953125 0.1296310763888889 0.281344970703125 0.19653689236111113 0.29097802734375
27 0.9496527777777778 0.74462890625 0.9526909722222222 0.74658203125 0.9631076388888888 0.74755859375 0.984375 0.74755859375 0.9895833333333334 0.74462890625 0.9826388888888888 0.689208984375 0.96484375 0.6806640625 0.9600694444444444 0.679443359375 0.9552951388888888 0.6806640625 0.9487847222222222 0.68896484375 0.9496527777777778 0.74462890625
27 0.9561631944444444 0.791748046875 0.9635416666666666 0.79248046875 0.9869791666666666 0.791015625 0.9895833333333334 0.786865234375 0.98828125 0.765625 0.984375 0.7587890625 0.96484375 0.758544921875 0.9587673611111112 0.76171875 0.953125 0.7685546875 0.953125 0.787109375 0.9561631944444444 0.791748046875
27 0.8671875 0.72412109375 0.8854166666666666 0.746337890625 0.9040798611111112 0.74658203125 0.9058159722222222 0.74462890625 0.9110243055555556 0.685546875 0.9075520833333334 0.68310546875 0.8763020833333334 0.679931640625 0.8732638888888888 0.680908203125 0.8619791666666666 0.692626953125 0.8589409722222222 0.70361328125 0.8671875 0.72412109375
27 0.9917534722222222 0.74560546875 0.99609375 0.74462890625 0.9947916666666666 0.689208984375 0.9822048611111112 0.682373046875 0.9769965277777778 0.680908203125 0.9739583333333334 0.681640625 0.9861111111111112 0.744873046875 0.9917534722222222 0.74560546875
27 0.91015625 0.74462890625 0.91796875 0.747314453125 0.9461805555555556 0.7470703125 0.9483506944444444 0.74462890625 0.9487847222222222 0.689208984375 0.9322916666666666 0.6787109375 0.9214409722222222 0.6806640625 0.9136284722222222 0.68896484375 0.9092881944444444 0.7265625 0.91015625 0.74462890625