7 0.5341796875 0.36699239956568946 0.54931640625 0.3745928338762215 0.553955078125 0.3729641693811075 0.554443359375 0.3485342019543974 0.553466796875 0.3311617806731813 0.552001953125 0.3279044516829533 0.539306640625 0.32084690553745926 0.530517578125 0.31867535287730725 0.5283203125 0.32030401737242126 0.527587890625 0.3284473398479913 0.5341796875 0.36699239956568946
7 0.591064453125 0.38545059717698155 0.595947265625 0.38327904451682954 0.59619140625 0.3550488599348534 0.593505859375 0.33876221498371334 0.560546875 0.3306188925081433 0.554443359375 0.3317046688382193 0.554931640625 0.3745928338762215 0.591064453125 0.38545059717698155
7 0.5986328125 0.38707926167209555 0.63671875 0.3979370249728556 0.640869140625 0.3935939196525516 0.637939453125 0.3490770901194354 0.606689453125 0.33713355048859933 0.597412109375 0.34147665580890335 0.59765625 0.38327904451682954 0.5986328125 0.38707926167209555
7 0.5859375 0.3349619978284473 0.6357421875 0.3463626492942454 0.639404296875 0.34581976112920737 0.64208984375 0.33821932681867534 0.640625 0.30456026058631924 0.636962890625 0.2985884907709012 0.60546875 0.28447339847991315 0.60205078125 0.28555917480998916 0.587158203125 0.2996742671009772 0.58447265625 0.30347448425624324 0.58349609375 0.30836047774158526 0.583251953125 0.3284473398479913 0.5859375 0.3349619978284473
7 0.541748046875 0.4218241042345277 0.553955078125 0.4250814332247557 0.554931640625 0.4223669923995657 0.55615234375 0.3973941368078176 0.5537109375 0.3767643865363735 0.53662109375 0.36699239956568946 0.533203125 0.3713355048859935 0.53466796875 0.4169381107491857 0.541748046875 0.4218241042345277
7 0.55517578125 0.4250814332247557 0.55615234375 0.42671009771986973 0.593505859375 0.43485342019543977 0.597412109375 0.43322475570032576 0.597900390625 0.40608034744842564 0.59619140625 0.38870792616720956 0.5703125 0.3800217155266015 0.55517578125 0.3789359391965255 0.5546875 0.41259500542888167 0.55517578125 0.4250814332247557
7 0.633544921875 0.44408251900108575 0.639892578125 0.44245385450597174 0.638427734375 0.4033659066232356 0.6328125 0.3973941368078176 0.62353515625 0.3941368078175896 0.60400390625 0.38925081433224756 0.59814453125 0.39087947882736157 0.59912109375 0.43593919652551577 0.633544921875 0.44408251900108575
7 0.521484375 0.46308360477741584 0.52294921875 0.46634093376764385 0.552734375 0.4755700325732899 0.556396484375 0.4733984799131379 0.55615234375 0.44353963083604775 0.5537109375 0.42942453854505974 0.54736328125 0.4250814332247557 0.5361328125 0.4229098805646037 0.525634765625 0.4261672095548317 0.52294921875 0.42888165038002174 0.521728515625 0.43539630836047777 0.521240234375 0.4571118349619978 0.521484375 0.46308360477741584
7 0.59521484375 0.48425624321389793 0.598876953125 0.4831704668838219 0.599609375 0.46199782844733983 0.598876953125 0.44191096634093374 0.59765625 0.4375678610206297 0.565185546875 0.42942453854505974 0.556640625 0.43159609120521175 0.55712890625 0.4755700325732899 0.59521484375 0.48425624321389793
7 0.600830078125 0.48425624321389793 0.63427734375 0.49131378935939196 0.640380859375 0.49022801302931596 0.639892578125 0.4516829533116178 0.63818359375 0.44571118349619976 0.6103515625 0.4386536373507057 0.600341796875 0.43973941368078173 0.59912109375 0.44245385450597174 0.600830078125 0.48425624321389793
7 0.6787109375 0.499457111834962 0.681884765625 0.497828447339848 0.68115234375 0.47068403908794787 0.678955078125 0.4571118349619978 0.67333984375 0.4527687296416938 0.651123046875 0.44462540716612375 0.643798828125 0.44408251900108575 0.64208984375 0.44625407166123776 0.642333984375 0.49131378935939196 0.6787109375 0.499457111834962
7 0.64453125 0.44245385450597174 0.677490234375 0.4543973941368078 0.68115234375 0.4495114006514658 0.6806640625 0.43159609120521175 0.67724609375 0.41042345276872966 0.64404296875 0.3973941368078176 0.640380859375 0.4006514657980456 0.640380859375 0.42833876221498374 0.64453125 0.44245385450597174
7 0.608642578125 0.8268186753528773 0.61181640625 0.8300760043431054 0.683349609375 0.8241042345276873 0.6865234375 0.8224755700325733 0.68798828125 0.8181324647122693 0.689208984375 0.7823018458197611 0.688232421875 0.7643865363735071 0.685546875 0.757871878393051 0.632080078125 0.762214983713355 0.60693359375 0.7709011943539631 0.60302734375 0.7747014115092291 0.60693359375 0.8175895765472313 0.608642578125 0.8268186753528773
7 0.669265869140625 0.40558631921824106 0.677364013671875 0.40622964169381104 0.68054541015625 0.4313289902280131 0.719880126953125 0.43519055374592835 0.716409423828125 0.3856351791530945 0.676496337890625 0.3766254071661238 0.6672412109375 0.38041748099891426 0.669265869140625 0.40558631921824106
7 0.723639892578125 0.5034098805646037 0.720169189453125 0.4345472312703583 0.6811240234375 0.4344413680781759 0.682859375 0.4995483170466884 0.723639892578125 0.5034098805646037
30 0.279296875 0.24538545059717698 0.324951171875 0.24429967426710097 0.327880859375 0.23398479913137893 0.328369140625 0.20629750271444083 0.32763671875 0.1992399565689468 0.324462890625 0.1959826275787188 0.297607421875 0.18349619978284473 0.29296875 0.18349619978284473 0.27587890625 0.20629750271444083 0.2685546875 0.21986970684039087 0.26904296875 0.2269272529858849 0.279296875 0.24538545059717698
30 0.202880859375 0.28284473398479915 0.205078125 0.2725298588490771 0.2080078125 0.2258414766558089 0.20654296875 0.22258414766558088 0.168212890625 0.20521172638436483 0.164794921875 0.21335504885993486 0.16259765625 0.247557003257329 0.162353515625 0.25841476655808904 0.202880859375 0.28284473398479915
30 0.19970703125 0.3523344191096634 0.24072265625 0.36536373507057546 0.242431640625 0.36319218241042345 0.2451171875 0.3311617806731813 0.244384765625 0.31378935939196523 0.206787109375 0.30456026058631924 0.201416015625 0.30673181324647125 0.19873046875 0.31378935939196523 0.198486328125 0.33821932681867534 0.19970703125 0.3523344191096634
30 0.247314453125 0.3322475570032573 0.275634765625 0.33984799131378934 0.282470703125 0.33930510314875134 0.285888671875 0.3344191096634093 0.28759765625 0.31378935939196523 0.28759765625 0.28827361563517917 0.283447265625 0.28501628664495116 0.261962890625 0.28121606948968514 0.25048828125 0.28013029315960913 0.248291015625 0.28230184581976114 0.245849609375 0.31433224755700323 0.247314453125 0.3322475570032573
30 0.196044921875 0.41150922909880566 0.233642578125 0.4180238870792617 0.23779296875 0.4174809989142237 0.239013671875 0.4147665580890337 0.240478515625 0.3697068403908795 0.238037109375 0.36536373507057546 0.19921875 0.3539630836047774 0.19677734375 0.35939196525515743 0.1953125 0.38219326818675353 0.194091796875 0.40608034744842564 0.196044921875 0.41150922909880566
30 0.194580078125 0.46471226927252984 0.2333984375 0.47014115092290987 0.23779296875 0.4565689467969598 0.239013671875 0.4250814332247557 0.234130859375 0.4196525515743757 0.226806640625 0.4169381107491857 0.197509765625 0.41205211726384366 0.195068359375 0.4147665580890337 0.194091796875 0.4381107491856677 0.193603515625 0.46308360477741584 0.194580078125 0.46471226927252984
30 0.22998046875 0.5309446254071661 0.234619140625 0.5309446254071661 0.236572265625 0.5271444082519001 0.236572265625 0.4793702497285559 0.2353515625 0.4723127035830619 0.197998046875 0.46634093376764385 0.195068359375 0.46634093376764385 0.193115234375 0.46959826275787186 0.19287109375 0.5266015200868621 0.22998046875 0.5309446254071661
30 0.244873046875 0.38599348534201955 0.282470703125 0.3968512486427796 0.285888671875 0.3935939196525516 0.286865234375 0.36590662323561346 0.286376953125 0.3485342019543974 0.284912109375 0.34364820846905536 0.24755859375 0.3344191096634093 0.244873046875 0.34473398479913137 0.243408203125 0.3707926167209555 0.244873046875 0.38599348534201955
30 0.2421875 0.44028230184581973 0.24658203125 0.44299674267100975 0.27783203125 0.44733984799131377 0.281494140625 0.44516829533116176 0.282470703125 0.43593919652551577 0.28173828125 0.40390879478827363 0.28076171875 0.3973941368078176 0.278076171875 0.3935939196525516 0.24365234375 0.38762214983713356 0.24169921875 0.38979370249728557 0.240478515625 0.3957654723127036 0.2412109375 0.4381107491856677 0.2421875 0.44028230184581973
30 0.2392578125 0.49185667752442996 0.240478515625 0.498371335504886 0.27001953125 0.503800217155266 0.27880859375 0.503800217155266 0.28271484375 0.498371335504886 0.283447265625 0.4728555917480999 0.28271484375 0.4527687296416938 0.28173828125 0.4511400651465798 0.24853515625 0.44408251900108575 0.240966796875 0.44571118349619976 0.239013671875 0.4733984799131379 0.2392578125 0.49185667752442996
30 0.23779296875 0.5624321389793703 0.275146484375 0.5624321389793703 0.277099609375 0.5575461454940283 0.27783203125 0.5499457111834962 0.278564453125 0.508686210640608 0.276123046875 0.505971769815418 0.239501953125 0.501628664495114 0.2373046875 0.504885993485342 0.23583984375 0.5358306188925082 0.2353515625 0.5575461454940283 0.23779296875 0.5624321389793703
30 0.2919921875 0.28827361563517917 0.326416015625 0.2953311617806732 0.328369140625 0.2899022801302932 0.32861328125 0.28393051031487515 0.327392578125 0.248099891422367 0.300537109375 0.23724212812160694 0.292724609375 0.23669923995656894 0.2861328125 0.249728555917481 0.279541015625 0.2747014115092291 0.280029296875 0.28121606948968514 0.2919921875 0.28827361563517917
30 0.288818359375 0.34527687296416937 0.32080078125 0.3545059717698154 0.32470703125 0.3534201954397394 0.32763671875 0.3463626492942454 0.328369140625 0.3241042345276873 0.326904296875 0.2985884907709012 0.290771484375 0.2893593919652552 0.289306640625 0.2899022801302932 0.2890625 0.2926167209554832 0.287353515625 0.3338762214983713 0.288818359375 0.34527687296416937
30 0.34619140625 0.30347448425624324 0.36181640625 0.30727470141150925 0.3642578125 0.30564603691639525 0.365234375 0.2785016286644951 0.363037109375 0.26167209554831705 0.334228515625 0.248099891422367 0.331298828125 0.247557003257329 0.3291015625 0.250814332247557 0.32958984375 0.2947882736156352 0.34619140625 0.30347448425624324
30 0.34619140625 0.3539630836047774 0.3623046875 0.35993485342019543 0.364013671875 0.3583061889250814 0.366943359375 0.34093376764386535 0.366943359375 0.31758957654723124 0.365966796875 0.3127035830618892 0.36083984375 0.30781758957654726 0.3349609375 0.2975027144408252 0.3310546875 0.2980456026058632 0.329345703125 0.30238870792616723 0.330322265625 0.34473398479913137 0.34619140625 0.3539630836047774
30 0.35693359375 0.41150922909880566 0.36376953125 0.40770901194353965 0.3662109375 0.3941368078175896 0.36572265625 0.3718783930510315 0.362548828125 0.36156351791530944 0.331787109375 0.3469055374592834 0.326904296875 0.3517915309446254 0.3251953125 0.36156351791530944 0.325927734375 0.4022801302931596 0.35693359375 0.41150922909880566
30 0.396728515625 0.35884907709011943 0.40185546875 0.3566775244299674 0.4052734375 0.3311617806731813 0.403076171875 0.31378935939196523 0.397705078125 0.30944625407166126 0.3740234375 0.2996742671009772 0.369873046875 0.30238870792616723 0.36767578125 0.30673181324647125 0.36962890625 0.3479913137893594 0.396728515625 0.35884907709011943
30 0.421875 0.28067318132464714 0.42578125 0.28121606948968514 0.427978515625 0.2774158523344191 0.430419921875 0.26275787187839306 0.431396484375 0.24104234527687296 0.4296875 0.23724212812160694 0.400390625 0.21769815418023888 0.397705078125 0.22312703583061888 0.39404296875 0.24484256243213898 0.392578125 0.26167209554831705 0.421875 0.28067318132464714
30 0.4091796875 0.3311617806731813 0.415771484375 0.3338762214983713 0.421142578125 0.3311617806731813 0.423095703125 0.3268186753528773 0.42529296875 0.31758957654723124 0.427734375 0.28664495114006516 0.40771484375 0.26547231270358307 0.400634765625 0.26167209554831705 0.3935546875 0.26438653637350706 0.389404296875 0.2698154180238871 0.38134765625 0.2991313789359392 0.382080078125 0.30347448425624324 0.4091796875 0.3311617806731813
30 0.369140625 0.3946796959826276 0.3935546875 0.40608034744842564 0.4013671875 0.40445168295331163 0.403076171875 0.3707926167209555 0.40234375 0.35993485342019543 0.37353515625 0.3490770901194354 0.36962890625 0.3501628664495114 0.36767578125 0.3566775244299674 0.367919921875 0.3914223669923996 0.369140625 0.3946796959826276
30 0.362548828125 0.4527687296416938 0.39794921875 0.4576547231270358 0.399658203125 0.4565689467969598 0.400634765625 0.4516829533116178 0.40087890625 0.40825190010857765 0.369140625 0.3957654723127036 0.3623046875 0.4147665580890337 0.3603515625 0.4256243213897937 0.35986328125 0.44625407166123776 0.362548828125 0.4527687296416938
30 0.360107421875 0.5 0.396484375 0.507600434310532 0.40087890625 0.50542888165038 0.40087890625 0.4598262757871878 0.37353515625 0.44679695982627576 0.369140625 0.44733984799131377 0.361328125 0.4538545059717698 0.35888671875 0.4728555917480999 0.3583984375 0.495114006514658 0.360107421875 0.5
30 0.40087890625 0.510314875135722 0.40283203125 0.5222584147665581 0.425048828125 0.5320304017372421 0.4296875 0.5320304017372421 0.433349609375 0.5260586319218241 0.4345703125 0.501628664495114 0.43359375 0.4831704668838219 0.407958984375 0.46905537459283386 0.40380859375 0.46959826275787186 0.40185546875 0.4733984799131379 0.400634765625 0.48751357220412594 0.40087890625 0.510314875135722
30 0.397705078125 0.6221498371335505 0.42919921875 0.6286644951140065 0.4326171875 0.6259500542888164 0.434326171875 0.6199782844733985 0.433349609375 0.5819761129207384 0.4326171875 0.5776330076004343 0.4296875 0.5754614549402823 0.407958984375 0.5684039087947883 0.397705078125 0.5711183496199783 0.3955078125 0.5846905537459284 0.39501953125 0.5988056460369164 0.39453125 0.6172638436482085 0.397705078125 0.6221498371335505
21 0.424072265625 0.33821932681867534 0.453125 0.3523344191096634 0.456298828125 0.3523344191096634 0.457763671875 0.3496199782844734 0.459228515625 0.3306188925081433 0.45751953125 0.3116178067318133 0.4560546875 0.30727470141150925 0.43359375 0.2942453854505972 0.430419921875 0.2942453854505972 0.428466796875 0.2975027144408252 0.423095703125 0.3349619978284473 0.424072265625 0.33821932681867534
21 0.40625 0.3762214983713355 0.431396484375 0.38979370249728557 0.436279296875 0.38925081433224756 0.43994140625 0.3485342019543974 0.435302734375 0.34419109663409336 0.40869140625 0.3322475570032573 0.40576171875 0.3349619978284473 0.4052734375 0.34093376764386535 0.405029296875 0.3729641693811075 0.40625 0.3762214983713355
21 0.403076171875 0.4185667752442997 0.406005859375 0.42671009771986973 0.427734375 0.43593919652551577 0.431396484375 0.43322475570032576 0.435791015625 0.40499457111834963 0.434814453125 0.3925081433224756 0.408935546875 0.36862106406080347 0.406005859375 0.3697068403908795 0.40283203125 0.38327904451682954 0.40185546875 0.40879478827361565 0.403076171875 0.4185667752442997
21 0.404296875 0.46688382193268185 0.4248046875 0.4777415852334419 0.43115234375 0.4771986970684039 0.4306640625 0.4386536373507057 0.404541015625 0.42888165038002174 0.402099609375 0.43213897937024975 0.401611328125 0.4560260586319218 0.404296875 0.46688382193268185
21 0.3193359375 0.5515743756786102 0.355712890625 0.5580890336590663 0.359375 0.5570032573289903 0.360595703125 0.5537459283387622 0.361083984375 0.5255157437567861 0.360107421875 0.5152008686210641 0.358154296875 0.511400651465798 0.324951171875 0.503257328990228 0.3203125 0.508686210640608 0.319091796875 0.5217155266015201 0.318115234375 0.5499457111834962 0.3193359375 0.5515743756786102
21 0.4375 0.4180238870792617 0.452392578125 0.4245385450597177 0.4580078125 0.4239956568946797 0.458984375 0.4212812160694897 0.45751953125 0.3555917480998914 0.454345703125 0.3517915309446254 0.4404296875 0.3485342019543974 0.438232421875 0.3729641693811075 0.436279296875 0.41150922909880566 0.4375 0.4180238870792617
21 0.4599609375 0.3735070575461455 0.48681640625 0.38382193268186754 0.49072265625 0.38219326818675353 0.49169921875 0.36156351791530944 0.4912109375 0.3474484256243214 0.489501953125 0.34201954397394135 0.4638671875 0.3306188925081433 0.461669921875 0.3317046688382193 0.45947265625 0.33984799131378934 0.45849609375 0.3545059717698154 0.4599609375 0.3735070575461455
21 0.48974609375 0.6563517915309446 0.493896484375 0.6541802388707926 0.494873046875 0.6281216069489685 0.494384765625 0.6161780673181325 0.4931640625 0.6123778501628665 0.468017578125 0.6047774158523345 0.464599609375 0.6058631921824105 0.463134765625 0.6123778501628665 0.463623046875 0.6503800217155266 0.48974609375 0.6563517915309446
21 0.47983935546875 0.4274516829533116 0.48751025390625 0.4292486427795874 0.487548828125 0.38707926167209555 0.4853515625 0.38382193268186754 0.463623046875 0.3740499457111835 0.4599609375 0.3751357220412595 0.4580078125 0.3800217155266015 0.4604599609375 0.4193664495114006 0.47983935546875 0.4274516829533116
21 0.459716796875 0.47068403908794787 0.46240234375 0.46634093376764385 0.46044921875 0.42833876221498374 0.4365234375 0.4201954397394137 0.433349609375 0.4218241042345277 0.432373046875 0.42779587404994573 0.43212890625 0.46308360477741584 0.459716796875 0.47068403908794787
21 0.464111328125 0.46416938110749184 0.482666015625 0.4723127035830619 0.48779296875 0.4728555917480999 0.491455078125 0.47014115092290987 0.49267578125 0.4495114006514658 0.4921875 0.4375678610206297 0.49072265625 0.43213897937024975 0.470703125 0.4250814332247557 0.464111328125 0.4261672095548317 0.463134765625 0.42888165038002174 0.4619140625 0.44245385450597174 0.464111328125 0.46416938110749184
21 0.43603515625 0.511943539630836 0.45947265625 0.5184581976112921 0.462890625 0.5152008686210641 0.4638671875 0.49457111834962 0.461181640625 0.4750271444082519 0.4462890625 0.46851248642779586 0.432373046875 0.46742671009771986 0.43212890625 0.4777415852334419 0.43603515625 0.511943539630836
21 0.464111328125 0.508686210640608 0.465087890625 0.512486427795874 0.493408203125 0.5173724212812161 0.494384765625 0.4766558089033659 0.49169921875 0.4733984799131379 0.4677734375 0.46742671009771986 0.46484375 0.46959826275787186 0.4638671875 0.4793702497285559 0.464111328125 0.508686210640608
21 0.46435546875 0.5515743756786102 0.46533203125 0.5570032573289903 0.4833984375 0.5635179153094463 0.491943359375 0.5635179153094463 0.494384765625 0.5369163952225842 0.493896484375 0.5233441910966341 0.49267578125 0.5195439739413681 0.477294921875 0.5141150922909881 0.466552734375 0.5130293159609121 0.465087890625 0.5157437567861021 0.4638671875 0.5200868621064061 0.46435546875 0.5515743756786102
21 0.46337890625 0.5743756786102063 0.463623046875 0.5635179153094463 0.45849609375 0.5347448425624322 0.449951171875 0.5287730727470141 0.4375 0.5266015200868621 0.435546875 0.5266015200868621 0.431640625 0.5331161780673181 0.432373046875 0.5743756786102063 0.46337890625 0.5743756786102063
21 0.435791015625 0.6058631921824105 0.4599609375 0.6112920738327905 0.463623046875 0.6020629750271445 0.463623046875 0.5770901194353963 0.458740234375 0.5673181324647123 0.43701171875 0.5613463626492943 0.43359375 0.5640608034744843 0.432861328125 0.5743756786102063 0.435791015625 0.6058631921824105
21 0.483642578125 0.6102062975027145 0.494140625 0.6091205211726385 0.4951171875 0.5955483170466884 0.494140625 0.5705754614549403 0.491943359375 0.5640608034744843 0.468017578125 0.5591748099891423 0.466064453125 0.5597176981541803 0.464599609375 0.5635179153094463 0.46484375 0.6020629750271445 0.483642578125 0.6102062975027145
5 0.517578125 0.26058631921824105 0.55029296875 0.2757871878393051 0.551025390625 0.25841476655808904 0.546875 0.2290988056460369 0.54150390625 0.22312703583061888 0.52978515625 0.2182410423452769 0.5185546875 0.21606948968512488 0.51513671875 0.21878393051031486 0.51513671875 0.248099891422367 0.517578125 0.26058631921824105
5 0.55029296875 0.251357220412595 0.553955078125 0.25787187839305103 0.577880859375 0.2671009771986971 0.581298828125 0.26330076004343106 0.58154296875 0.249185667752443 0.57958984375 0.23072747014115091 0.558837890625 0.21986970684039087 0.54345703125 0.21606948968512488 0.543212890625 0.21986970684039087 0.55029296875 0.251357220412595
5 0.57666015625 0.30564603691639525 0.581298828125 0.30564603691639525 0.58251953125 0.30184581976112923 0.58251953125 0.28555917480998916 0.58056640625 0.28284473398479915 0.5703125 0.28284473398479915 0.55126953125 0.2893593919652552 0.5537109375 0.2996742671009772 0.57666015625 0.30564603691639525
5 0.553466796875 0.28121606948968514 0.573486328125 0.2763300760043431 0.57958984375 0.2719869706840391 0.57861328125 0.2681867535287731 0.554931640625 0.25787187839305103 0.553466796875 0.25787187839305103 0.5517578125 0.26438653637350706 0.55126953125 0.2757871878393051 0.553466796875 0.28121606948968514
5 0.51953125 0.2698154180238871 0.529052734375 0.31704668838219324 0.5498046875 0.3241042345276873 0.551025390625 0.32247557003257327 0.55126953125 0.3002171552660152 0.548583984375 0.2757871878393051 0.5205078125 0.26492942453854507 0.51904296875 0.26547231270358307 0.51953125 0.2698154180238871
5 0.529541015625 0.8175895765472313 0.531005859375 0.8224755700325733 0.534912109375 0.8273615635179153 0.542724609375 0.8317046688382194 0.602294921875 0.8273615635179153 0.6044921875 0.8197611292073833 0.601318359375 0.7790445168295331 0.5986328125 0.7747014115092291 0.55078125 0.7698154180238871 0.52880859375 0.7725298588490771 0.5283203125 0.8002171552660152 0.529541015625 0.8175895765472313
5 0.71142578125 0.8208469055374593 0.71484375 0.8175895765472313 0.7158203125 0.8099891422366993 0.71337890625 0.7790445168295331 0.70703125 0.7725298588490771 0.692138671875 0.7730727470141151 0.68994140625 0.7747014115092291 0.68896484375 0.7785016286644951 0.68896484375 0.8224755700325733 0.71142578125 0.8208469055374593
5 0.60791015625 0.7654723127035831 0.613037109375 0.7671009771986971 0.6318359375 0.758414766558089 0.630615234375 0.6682953311617806 0.623046875 0.6639522258414766 0.611572265625 0.6693811074918566 0.6064453125 0.6753528773072747 0.60595703125 0.7274701411509229 0.60791015625 0.7654723127035831
5 0.59521484375 0.7681867535287731 0.602783203125 0.7709011943539631 0.612548828125 0.7654723127035831 0.610107421875 0.6720955483170467 0.6044921875 0.6710097719869706 0.591796875 0.6780673181324647 0.59326171875 0.755157437567861 0.59521484375 0.7681867535287731
5 0.585205078125 0.7692725298588491 0.593017578125 0.7709011943539631 0.59423828125 0.7687296416938111 0.593505859375 0.6780673181324647 0.588134765625 0.6764386536373507 0.581298828125 0.6791530944625407 0.5771484375 0.6851248642779587 0.578369140625 0.749728555917481 0.585205078125 0.7692725298588491
5 0.636474609375 0.6487513572204126 0.679931640625 0.6492942453854506 0.681396484375 0.6476655808903365 0.681884765625 0.6406080347448425 0.680908203125 0.6330076004343105 0.678955078125 0.6302931596091205 0.658447265625 0.6226927252985885 0.6328125 0.6297502714440825 0.63330078125 0.6444082519001085 0.636474609375 0.6487513572204126