30 0.095952 0.376052 0.148345 0.376052 0.148345 0.409949 0.095952 0.409949
30 0.093595 0.411372 0.146945 0.411372 0.146945 0.444907 0.093595 0.444907
30 0.088888 0.446692 0.146945 0.446692 0.146945 0.478464 0.088888 0.478464
30 0.088301 0.480248 0.142747 0.480248 0.142747 0.514122 0.088301 0.514122
30 0.085946 0.515565 0.139015 0.515565 0.139015 0.549078 0.085946 0.549078
30 0.208976 0.404309 0.262625 0.404309 0.262625 0.438616 0.208976 0.438616
30 0.206030 0.442719 0.266821 0.442719 0.266821 0.472872 0.206030 0.472872
30 0.203677 0.478921 0.279416 0.478921 0.279416 0.508877 0.203677 0.508877
30 0.201325 0.512477 0.252829 0.512477 0.252829 0.544535 0.201325 0.544535
30 0.142458 0.515566 0.198721 0.515566 0.198721 0.546631 0.142458 0.546631
30 0.146577 0.479363 0.202453 0.479363 0.202453 0.512024 0.146577 0.512024
30 0.147756 0.443162 0.205252 0.443162 0.205252 0.479514 0.147756 0.479514
30 0.149520 0.410490 0.208983 0.410490 0.208983 0.440013 0.149520 0.440013
30 0.150698 0.374287 0.205252 0.374287 0.205252 0.407153 0.150698 0.407153
30 0.208387 0.368547 0.252362 0.368547 0.252362 0.404358 0.208387 0.404358
30 0.126564 0.791503 0.200350 0.791503 0.200350 0.821886 0.126564 0.821886
30 0.120675 0.819315 0.200815 0.819315 0.200815 0.850201 0.120675 0.850201
13 0.253714 0.376052 0.322269 0.376052 0.322269 0.409382 0.253714 0.409382
13 0.327297 0.370314 0.409025 0.370314 0.409025 0.410082 0.327297 0.410082
13 0.412651 0.369431 0.496717 0.369431 0.496717 0.409382 0.412651 0.409382
13 0.269020 0.437421 0.370778 0.437421 0.370778 0.469508 0.269020 0.469508
13 0.414419 0.428151 0.449142 0.428151 0.449142 0.451332 0.414419 0.451332
13 0.420306 0.452874 0.451940 0.452874 0.451940 0.471956 0.420306 0.471956
13 0.390872 0.469651 0.447741 0.469651 0.447741 0.503767 0.390872 0.503767
13 0.354375 0.470092 0.388503 0.470092 0.388503 0.493629 0.354375 0.493629
13 0.297865 0.472299 0.343724 0.472299 0.343724 0.493629 0.297865 0.493629
13 0.281968 0.494375 0.333462 0.494375 0.333462 0.510059 0.281968 0.510059
13 0.336717 0.494817 0.387104 0.494817 0.387104 0.503767 0.336717 0.503767
13 0.256068 0.514242 0.291016 0.514242 0.291016 0.540822 0.256068 0.540822
13 0.294920 0.509825 0.331597 0.509825 0.331597 0.540121 0.294920 0.540121
13 0.333771 0.505852 0.365181 0.505852 0.365181 0.539421 0.333771 0.539421
13 0.368503 0.505853 0.444941 0.505853 0.444941 0.539772 0.368503 0.539772
21 0.088888 0.792384 0.124028 0.792384 0.124028 0.813573 0.088888 0.813573
21 0.086532 0.814019 0.119829 0.814019 0.119829 0.848530 0.086532 0.848530
13 0.468574 0.464794 0.541146 0.464794 0.541146 0.480353 0.468574 0.480353
22 0.457391 0.479363 0.540213 0.479363 0.540213 0.505520 0.457391 0.505520
22 0.453270 0.508503 0.548143 0.508503 0.548143 0.538381 0.453270 0.538381
22 0.475641 0.432122 0.556540 0.432122 0.556540 0.462874 0.475641 0.462874
22 0.496243 0.405190 0.571934 0.405190 0.571934 0.430713 0.496243 0.430713
22 0.572769 0.392830 0.639100 0.392830 0.639100 0.420227 0.572769 0.420227
31 0.2576171875 0.15084326171875 0.23522786458333333 0.139656982421875 0.23942578125 0.115187255859375 0.18858333333333333 0.107496826171875 0.17785514322916665 0.1375595703125 0.15826464843750002 0.148745849609375 0.12891731770833334 0.36545703125 0.21656998697916666 0.36265283203125 0.2576171875 0.15084326171875
31 0.33132682291666665 0.3511884765625 0.34112207031249997 0.258552734375 0.28785611979166664 0.2564072265625 0.2786188151041667 0.353635498046875 0.33132682291666665 0.3511884765625
31 0.27908528645833336 0.356431884765625 0.29494433593749997 0.192134765625 0.25194791666666666 0.19239013671875 0.22171256510416668 0.357830322265625 0.27908528645833336 0.356431884765625
31 0.3429879557291667 0.257853759765625 0.34018912760416664 0.193533203125 0.293154296875 0.18841650390625 0.29027994791666667 0.257504150390625 0.3429879557291667 0.257853759765625
31 0.35371614583333333 0.34699365234375 0.3625784505208333 0.260999755859375 0.34613378906250003 0.262588134765625 0.33552473958333334 0.347692626953125 0.35371614583333333 0.34699365234375
31 0.36537727864583336 0.261487060546875 0.36584375 0.175493408203125 0.3390699869791667 0.186209228515625 0.34158854166666663 0.26428369140625 0.36537727864583336 0.261487060546875
31 0.25716243489583335 0.162559326171875 0.25249772135416665 0.191573486328125 0.2944778645833333 0.196117919921875 0.2996087239583333 0.18912646484375 0.33925651041666666 0.191923095703125 0.3397229817708333 0.163258544921875 0.3173336588541667 0.15626708984375 0.32246451822916666 0.1265537109375 0.2696077473958333 0.13102197265625 0.265091796875 0.157665283203125 0.25716243489583335 0.162559326171875
31 0.42548828125 0.3432861328125 0.4418138020833333 0.12340771484375 0.3685029296875 0.128814453125 0.35365592447916666 0.34818017578125 0.42548828125 0.3432861328125
23 0.49978125 0.145282470703125 0.5163369140624999 0.145710205078125 0.5226165364583334 0.123462646484375 0.44897265625 0.12260693359375 0.4375546875 0.17822607421875 0.42651855468750005 0.341917724609375 0.4826546223958333 0.3376240234375 0.49978125 0.145282470703125
23 0.5996858723958333 0.153411376953125 0.5831305338541667 0.14613818359375 0.5854140625 0.1127666015625 0.5254710286458334 0.112338623046875 0.5129117838541667 0.143571044921875 0.4969267578125 0.151272216796875 0.48415625 0.333812255859375 0.5951191406249999 0.327114501953125 0.5996858723958333 0.153411376953125
35 0.254325 0.844446 0.999998 0.844446 0.999998 0.968586 0.254325 0.968586
