14 0.78075 0.5076666666666667 0.77875 0.5116666666666667 0.7785 0.519 0.78025 0.5293333333333333 0.78225 0.533 0.78525 0.553 0.7865 0.5556666666666666 0.7895 0.558 0.79725 0.5553333333333333 0.8095 0.553 0.828 0.552 0.828 0.549 0.8265 0.544 0.8265 0.5396666666666666 0.81775 0.5036666666666667 0.81625 0.5016666666666667 0.81075 0.499 0.804 0.49766666666666665 0.80375 0.49733333333333335 0.79 0.5006666666666667 0.78075 0.5076666666666667
14 0.79 0.5586666666666666 0.7835 0.5676666666666667 0.784 0.5773333333333334 0.78575 0.5866666666666667 0.7905 0.603 0.79175 0.6163333333333333 0.79425 0.623 0.79675 0.6253333333333333 0.80075 0.6253333333333333 0.804 0.6233333333333333 0.81225 0.625 0.8355 0.626 0.84575 0.6243333333333333 0.84725 0.623 0.846 0.6086666666666667 0.843 0.599 0.84275 0.5946666666666667 0.84 0.588 0.8395 0.581 0.83525 0.561 0.833 0.5596666666666666 0.8315 0.557 0.828 0.555 0.82225 0.554 0.821 0.554 0.81075 0.5543333333333333 0.79 0.5586666666666666
14 0.748 0.5576666666666666 0.73625 0.564 0.73375 0.567 0.73375 0.572 0.737 0.595 0.737 0.6023333333333334 0.7405 0.619 0.7445 0.6233333333333333 0.7595 0.624 0.769 0.6223333333333333 0.77125 0.6233333333333333 0.78325 0.623 0.78825 0.6243333333333333 0.793 0.6233333333333333 0.7905 0.616 0.79 0.6066666666666667 0.788 0.602 0.781 0.5656666666666667 0.77625 0.558 0.7695 0.556 0.76825 0.556 0.753 0.558 0.748 0.5576666666666666
14 0.68925 0.6183333333333333 0.69575 0.6216666666666667 0.70725 0.6186666666666667 0.73275 0.621 0.73775 0.623 0.738 0.6156666666666667 0.73475 0.5846666666666667 0.731 0.5653333333333334 0.72725 0.5583333333333333 0.72375 0.5553333333333333 0.72225 0.5563333333333333 0.6925 0.5576666666666666 0.691 0.5593333333333333 0.6855 0.561 0.68325 0.566 0.68775 0.6116666666666667 0.68925 0.6183333333333333
14 0.68575 0.558 0.689 0.5583333333333333 0.69425 0.556 0.72325 0.5513333333333333 0.724 0.5456666666666666 0.7215 0.532 0.72125 0.5253333333333333 0.71775 0.5083333333333333 0.71475 0.504 0.707 0.5003333333333333 0.69625 0.49966666666666665 0.68175 0.509 0.68025 0.5143333333333333 0.6805 0.526 0.68575 0.558
14 0.6335 0.5196666666666667 0.635 0.5276666666666666 0.63475 0.5416666666666666 0.637 0.5526666666666666 0.6405 0.5516666666666666 0.64875 0.546 0.65425 0.5446666666666666 0.66575 0.546 0.6725 0.552 0.6735 0.5466666666666666 0.6725 0.5253333333333333 0.6705 0.51 0.668 0.5046666666666667 0.66475 0.5013333333333333 0.6615 0.5 0.654 0.49933333333333335 0.64175 0.5016666666666667 0.6345 0.5086666666666667 0.6335 0.5116666666666667 0.6335 0.5196666666666667
14 0.6375 0.5743333333333334 0.6385 0.5816666666666667 0.641 0.6193333333333333 0.64525 0.62 0.6514829999999999 0.6204463333333333 0.6574930000000001 0.6212223333333333 0.66214575 0.6219983333333333 0.66834925 0.6225153333333333 0.679012 0.621481 0.68792975 0.6230326666666667 0.6855 0.598 0.6834707499999999 0.5775083333333334 0.683083 0.5625060000000001 0.675 0.5576666666666666 0.670288 0.5531943333333333 0.66563525 0.553453 0.6594315000000001 0.552677 0.6545850000000001 0.5539703333333333 0.64973825 0.553453 0.64425 0.5546666666666666 0.64 0.554 0.637 0.555 0.63575 0.5573333333333333 0.63525 0.5676666666666667 0.6375 0.5743333333333334
14 0.731 0.5376666666666666 0.73425 0.5626666666666666 0.73825 0.5606666666666666 0.74275 0.5546666666666666 0.74675 0.5523333333333333 0.75175 0.5536666666666666 0.75875 0.5536666666666666 0.7624375 0.5523333333333333 0.769 0.5526666666666666 0.77225 0.5546666666666666 0.7735 0.5536666666666666 0.773 0.5466666666666666 0.766 0.512 0.7645 0.5083333333333333 0.761 0.5043333333333333 0.75525 0.5016666666666667 0.74125 0.5023333333333333 0.73175 0.5086666666666667 0.72675 0.515 0.7265 0.5216666666666666 0.731 0.5376666666666666
21 0.4303115 0.719681 0.44959224999999997 0.7186786666666667 0.450594 0.7036446666666667 0.43043675000000003 0.7032886666666667 0.4303115 0.719681
21 0.429302 0.7363703333333332 0.44858275 0.7353679999999999 0.44958425 0.720334 0.42942725000000004 0.7199780000000001 0.429302 0.7363703333333332
21 0.429294 0.7520576666666666 0.44857475 0.7510553333333334 0.44957625 0.736021 0.42941925 0.7356653333333334 0.429294 0.7520576666666666
21 0.4290355 0.7697493333333334 0.44834025000000005 0.7707970000000001 0.449318 0.7537130000000001 0.42916075 0.7533569999999999 0.4290355 0.7697493333333334
21 0.42752525 0.7867726666666668 0.44683 0.7878206666666666 0.4478075 0.7707363333333332 0.42765050000000004 0.7703803333333333 0.42752525 0.7867726666666668
21 0.4270165 0.8034623333333334 0.446321 0.8045100000000001 0.44729874999999997 0.7874256666666667 0.4271415 0.78707 0.4270165 0.8034623333333334
21 0.4515475 0.7356263333333333 0.47085225 0.7366739999999999 0.47182999999999997 0.71959 0.45167275 0.719234 0.4515475 0.7356263333333333
21 0.44978674999999996 0.7543203333333333 0.4690915 0.7553679999999999 0.470069 0.7382839999999999 0.449912 0.737928 0.44978674999999996 0.7543203333333333
21 0.45103075000000004 0.7693393333333334 0.4703355 0.770387 0.47131324999999996 0.7533030000000001 0.451156 0.7529469999999999 0.45103075000000004 0.7693393333333334
21 0.4502715 0.787365 0.46957625000000003 0.788413 0.470554 0.7713286666666667 0.45039675 0.7709726666666668 0.4502715 0.787365
21 0.449262 0.8040546666666667 0.46937375 0.8042063333333334 0.46954425 0.788018 0.44938725 0.7876623333333334 0.449262 0.8040546666666667
21 0.47229075 0.7348823333333333 0.4915955 0.73593 0.492573 0.718846 0.472416 0.71849 0.47229075 0.7348823333333333
21 0.47253325 0.752908 0.491838 0.753956 0.49281549999999996 0.7368716666666666 0.47265825 0.7365156666666667 0.47253325 0.752908
21 0.47252525 0.770934 0.49183 0.7719816666666667 0.4928075 0.7548976666666667 0.47265025000000005 0.7545416666666667 0.47252525 0.770934
21 0.4715155 0.7879573333333333 0.49082025 0.7890053333333333 0.491798 0.771921 0.47164075000000005 0.7715650000000001 0.4715155 0.7879573333333333
21 0.47125725 0.8049810000000001 0.490562 0.8060286666666666 0.49153949999999996 0.7889446666666666 0.4713825 0.7885886666666667 0.47125725 0.8049810000000001