28 0.0025407986111111113 0.38622216796875 0.0025407986111111113 0.464179443359375 0.1627378472222222 0.483193359375 0.35265885416666665 0.4443505859375 0.37005598958333336 0.40279150390625 0.30433289930555557 0.380246337890625 0.001829861111111111 0.386185791015625 0.0025407986111111113 0.38622216796875
28 0.34697395833333333 0.445873291015625 0.17106770833333332 0.485802490234375 0.0004769965277777778 0.465158935546875 0.004802647135416667 0.49730622314453127 0.20006336805555558 0.517039794921875 0.3677543402777778 0.46841845703125 0.37017057291666666 0.443971923828125 0.34697395833333333 0.445873291015625
28 0.33150998263888887 0.48145654296875 0.18653211805555556 0.521657470703125 0.1638185763888889 0.513508544921875 0.004318350694444444 0.5034873059082031 0.001443576388888889 0.570550537109375 0.13144053819444446 0.58657666015625 0.3363424479166667 0.542029541015625 0.33150998263888887 0.48145654296875
28 0.18363237847222222 0.639656982421875 0.26965234375 0.619828125 0.33489279513888887 0.57636767578125 0.3344092881944445 0.54513037109375 0.13192361111111112 0.588047607421875 0.004342881944444444 0.574194580078125 0.003859809027777778 0.575009521484375 0.0009600694444444445 0.613580810546875 0.18363237847222222 0.639656982421875
28 0.13307595486111112 0.7031533203125 0.33701171875 0.632801513671875 0.33459505208333334 0.589069580078125 0.19493315972222222 0.641765380859375 0.002595920138888889 0.617862060546875 0.001829861111111111 0.616379150390625 0.0021128472222222226 0.675175537109375 0.13307595486111112 0.7031533203125
28 0.33394401041666666 0.69080810546875 0.3347322048611111 0.637185791015625 0.12737456597222221 0.708091064453125 0.0029067473958333334 0.6877229379882812 0.0012252604166666666 0.724044921875 0.10608680555555555 0.74841845703125 0.19596831597222222 0.7391123046875 0.33394401041666666 0.69080810546875
28 0.12422092013888889 0.8250849609375 0.16679600694444444 0.812233154296875 0.3323671875 0.715624755859375 0.3292131076388889 0.698784912109375 0.1541814236111111 0.749748046875 0.007532986111111112 0.73157861328125 0.00437890625 0.730692138671875 0.0035907118055555553 0.799381591796875 0.12422092013888889 0.8250849609375
28 0.33709765625 0.85065478515625 0.2614079861111111 0.8971865234375 0.13920095486111111 0.949035888671875 0.010180840277777777 0.9195223918457032 0 0.958785400390625 0.15733506944444445 0.999755859375 0.3268480902777778 0.904277099609375 0.33709765625 0.85065478515625
28 0.13604730902777776 0.94549072265625 0.29688758680555555 0.875028564453125 0.33630902777777777 0.8542001953125 0.33630902777777777 0.81741796875 0.17546874999999998 0.91314013671875 0.1368359375 0.910481201171875 0.008321180555555556 0.88655078125 0.004975260416666666 0.8852802734375 0.006744357638888889 0.914469482421875 0.13604730902777776 0.94549072265625
28 0.20227560763888888 0.838689697265625 0.12106727430555557 0.847552734375 0.0706076388888889 0.881676025390625 0.04064713541666667 0.8710400390625 0.002013888888888889 0.849325439453125 0.0049478906250000005 0.8860193881835937 0.13920095486111111 0.91092431640625 0.33709765625 0.818304443359375 0.33788585069444443 0.767784423828125 0.20227560763888888 0.838689697265625
28 0.3300017361111111 0.72391162109375 0.1439314236111111 0.82628125 0.00437890625 0.804123291015625 0.0028020833333333335 0.83558740234375 0.11712499999999999 0.844007568359375 0.20464105902777777 0.838246337890625 0.33630902777777777 0.767341064453125 0.33233680555555556 0.720728759765625 0.3300017361111111 0.72391162109375
0 0.266628 0.020615 0.355048 0.020615 0.355048 0.089727 0.266628 0.089727
0 0.262687 0.001516 0.349527 0.001516 0.349527 0.018821 0.262687 0.018821
4 0.198010 0.031740 0.268318 0.031740 0.268318 0.092386 0.198010 0.092386
4 0.194028 0.000000 0.264375 0.000000 0.264375 0.030786 0.194028 0.030786
24 0.015460 0.231177 0.069219 0.231177 0.069219 0.268242 0.015460 0.268242
24 0.066471 0.230741 0.119440 0.230741 0.119440 0.270651 0.066471 0.270651
24 0.117487 0.231611 0.163537 0.231611 0.163537 0.277192 0.117487 0.277192
24 0.184733 0.227263 0.213149 0.227263 0.213149 0.279602 0.184733 0.279602
24 0.298066 0.240522 0.345441 0.240522 0.345441 0.274438 0.298066 0.274438
24 0.321573 0.206410 0.366265 0.206410 0.366265 0.244489 0.321573 0.244489
24 0.286339 0.208674 0.320328 0.208674 0.320328 0.242766 0.286339 0.242766
24 0.278741 0.182915 0.316042 0.182915 0.316042 0.212129 0.278741 0.212129
24 0.22049739583333333 0.215227294921875 0.24438368055555554 0.209375244140625 0.23764626736111114 0.1749501953125 0.19416145833333334 0.1749501953125 0.19967361111111112 0.22176806640625 0.22049739583333333 0.215227294921875
24 0.07882552083333333 0.226931884765625 0.11251085069444446 0.228653076171875 0.11557291666666665 0.242423095703125 0.11679817708333334 0.227964599609375 0.12904730902777778 0.227964599609375 0.12292274305555556 0.195949462890625 0.08739973958333333 0.19216259765625 0.08391840277777779 0.19216259765625 0.07882552083333333 0.226931884765625
25 0.12649305555555557 0.19831884765625 0.13261762152777778 0.228612548828125 0.16017881944444445 0.2296455078125 0.15282899305555556 0.20107275390625 0.12830815972222223 0.199001953125 0.12649305555555557 0.19831884765625
25 0.241929 0.181176 0.277159 0.181176 0.277159 0.210367 0.241929 0.210367
25 0.319227 0.179001 0.362292 0.179001 0.362292 0.203826 0.319227 0.203826
25 0.347051 0.245957 0.359842 0.245957 0.359842 0.281626 0.347051 0.281626
25 0.166955 0.240741 0.183453 0.240741 0.183453 0.276119 0.166955 0.276119
8 0.017750 0.001675 0.108014 0.001675 0.108014 0.106831 0.017750 0.106831
8 0.110605 0.001646 0.196504 0.001646 0.196504 0.096553 0.110605 0.096553
25 0.21419140625 0.280029296875 0.28552039930555556 0.276568115234375 0.2842907986111111 0.23480322265625 0.27650173611111106 0.229726806640625 0.27281249999999996 0.226034912109375 0.27240234375 0.22257373046875 0.2678932291666667 0.21311328125 0.26174435763888887 0.21034423828125 0.22689973958333334 0.2108056640625 0.22034071180555556 0.213343994140625 0.21993055555555557 0.221419921875 0.21706119791666667 0.229090087890625 0.2133715277777778 0.2336494140625 0.21419140625 0.280029296875
25 0.227821 0.220614 0.306771 0.220614 0.306771 0.288639 0.227821 0.288639
35 0.365451 0.000000 0.673177 0.000000 0.673177 0.689941 0.365451 0.689941
