17 0.354 0.3495 0.3668666666666666 0.34875 0.38266666666666665 0.35 0.391 0.34975 0.393 0.34875 0.3923333333333333 0.32475 0.391 0.31975 0.38666666666666666 0.315 0.381 0.31325 0.36966666666666664 0.31225 0.3576666666666667 0.31375 0.35233333333333333 0.31775 0.35033333333333333 0.3245 0.35033333333333333 0.34875 0.354 0.3495
17 0.418 0.36425 0.41833333333333333 0.3683055 0.4176666666666667 0.382 0.418 0.38375 0.4216666666666667 0.38725 0.434 0.38425 0.44633333333333336 0.38375 0.455 0.385 0.46366666666666667 0.38475 0.4673333333333333 0.387 0.471 0.38775 0.4736666666666667 0.38525 0.4756666666666667 0.3775 0.4756666666666667 0.3425 0.473 0.335 0.4656666666666667 0.327 0.4603333333333333 0.324 0.4533333333333333 0.32275 0.43633333333333335 0.32325 0.427 0.32725 0.4216666666666667 0.331 0.4186666666666667 0.33525 0.416 0.3435 0.4156666666666667 0.35925 0.418 0.36425
17 0.4876666666666667 0.3575 0.48933333333333334 0.359 0.491 0.35975 0.49366666666666664 0.35925 0.507 0.35375 0.5193333333333333 0.35275 0.5403333333333333 0.355 0.5436666666666666 0.35925 0.5473333333333333 0.3555 0.5486666666666666 0.34525 0.548 0.31375 0.5446666666666666 0.30025 0.5263333333333333 0.293 0.5193333333333333 0.292 0.5046666666666667 0.293 0.49766666666666665 0.29575 0.49333333333333335 0.2995 0.4876666666666667 0.30925 0.4866666666666667 0.3175 0.4866666666666667 0.35225 0.4876666666666667 0.3575
17 0.41733333333333333 0.441 0.41833333333333333 0.443 0.43933333333333335 0.44375 0.449 0.44225 0.45766666666666667 0.44225 0.467 0.441 0.4746666666666667 0.438 0.476 0.436 0.47633333333333333 0.39725 0.471 0.389 0.4633333333333333 0.38625 0.4493333333333333 0.384 0.43566666666666665 0.385 0.4256666666666667 0.38825 0.4216666666666667 0.39075 0.41833333333333333 0.40175 0.41733333333333333 0.41075 0.41733333333333333 0.441
17 0.48433333333333334 0.438 0.49866666666666665 0.438 0.5156666666666667 0.43575 0.5186666666666667 0.4345 0.5543333333333333 0.43225 0.5586666666666666 0.43 0.56 0.42525 0.557 0.37725 0.5543333333333333 0.3695 0.5426666666666666 0.3575 0.5396666666666666 0.35625 0.527 0.35475 0.519 0.3545 0.516 0.3555 0.5106666666666667 0.35475 0.5043333333333333 0.35575 0.492 0.362 0.4856666666666667 0.369 0.4806666666666667 0.3865 0.482 0.4355 0.48433333333333334 0.438
17 0.5616666666666666 0.423 0.564 0.4295 0.575 0.42975 0.6003333333333334 0.426 0.6226666666666667 0.42525 0.6403333333333333 0.42025 0.6423333333333333 0.416 0.6403333333333333 0.405 0.642 0.3795 0.6393333333333333 0.35925 0.6383333333333333 0.35525 0.63 0.348 0.6163333333333333 0.34175 0.594 0.3415 0.5726666666666667 0.34775 0.563 0.357 0.5596666666666666 0.3625 0.5586666666666666 0.37675 0.5616666666666666 0.423
17 0.643 0.38125 0.6433333333333333 0.4115 0.645 0.4185 0.6473333333333333 0.42175 0.654 0.421 0.6606666666666666 0.41825 0.673895 0.4184975 0.6796666666666666 0.417 0.6823333333333333 0.416 0.6863333333333334 0.41625 0.687 0.418 0.6891299999999999 0.4190295 0.692 0.41825 0.6906666666666667 0.41525 0.692 0.41375 0.6966666666666667 0.4145 0.698 0.4165 0.703 0.417 0.7276666666666667 0.41325 0.7336666666666667 0.41125 0.7356666666666667 0.408 0.735 0.40375 0.7363333333333333 0.39975 0.7343333333333333 0.389 0.732 0.3865 0.7296666666666667 0.37425 0.731 0.35175 0.7246666666666667 0.34525 0.7283333333333334 0.34175 0.717 0.33775 0.7103333333333334 0.3325 0.6986666666666667 0.3295 0.6876666666666666 0.3295 0.671 0.33125 0.6573333333333333 0.33525 0.653 0.341 0.6466666666666666 0.34525 0.6413333333333333 0.35625 0.6406666666666667 0.36425 0.643 0.38125
17 0.643 0.33175 0.6473333333333333 0.34075 0.657 0.33325 0.6696666666666666 0.32925 0.679 0.32825 0.6866666666666666 0.32575 0.7 0.32625 0.7103333333333334 0.32975 0.7166666666666667 0.334 0.719 0.3345 0.7236666666666667 0.334 0.7286666666666667 0.3315 0.731 0.30375 0.729 0.2985 0.7303333333333333 0.26975 0.7313333333333333 0.26875 0.725 0.2615 0.7203333333333334 0.25375 0.71 0.24775 0.703 0.246 0.7001136666666666 0.24169725 0.6724776666666666 0.24196325 0.6686666666666666 0.24625 0.6613333333333333 0.24775 0.648 0.25825 0.6436666666666667 0.264 0.6403333333333333 0.27225 0.6403333333333333 0.3125 0.643 0.33175
16 0.5483333333333333 0.301 0.549 0.30725 0.55 0.331 0.549 0.34925 0.55 0.35325 0.553 0.354 0.557 0.3535 0.5603333333333333 0.3505 0.5683333333333334 0.347 0.592 0.34125 0.602 0.34 0.6166666666666667 0.341 0.624 0.3435 0.6296666666666667 0.347 0.6353333333333333 0.347 0.6383333333333333 0.34275 0.6396666666666667 0.33275 0.637 0.3064285 0.639 0.28975 0.6386666666666667 0.2755 0.635 0.2675 0.6206666666666667 0.255 0.6136666666666667 0.2515 0.603 0.25 0.595 0.25 0.5933333333333334 0.25175 0.5896666666666667 0.25275 0.5823333333333334 0.25125 0.5743333333333334 0.25175 0.5643333333333334 0.25525 0.5586666666666666 0.2585 0.5493333333333333 0.26875 0.5453333333333333 0.27675 0.5433333333333333 0.2865 0.5483333333333333 0.301
15 0.747 0.29325 0.749 0.29675 0.7536666666666667 0.3175 0.752 0.325 0.7583333333333333 0.32475 0.7676666666666667 0.32225 0.775 0.3215 0.7906666666666666 0.32125 0.8006666666666666 0.32225 0.8113333333333334 0.3265 0.828 0.3405 0.8316666666666667 0.3415 0.8343333333333334 0.3385 0.835 0.335 0.8343333333333334 0.3165 0.8326666666666667 0.3065 0.833 0.2775 0.8246666666666667 0.26575 0.8133333333333334 0.257 0.8076666666666666 0.25525 0.793 0.2545 0.7726666666666666 0.25825 0.7643333333333333 0.262 0.754 0.2725 0.748 0.282 0.7466666666666667 0.286 0.747 0.29325
15 0.7353333333333333 0.3655 0.7373333333333333 0.38725 0.7386666666666667 0.39025 0.7386666666666667 0.408 0.741 0.41225 0.766 0.4115 0.8243333333333334 0.4035 0.8296666666666667 0.401 0.8273333333333334 0.39125 0.8263333333333334 0.36625 0.8263333333333334 0.35825 0.8286666666666667 0.34825 0.8256666666666667 0.33975 0.8193333333333334 0.334 0.8143333333333334 0.3315 0.8106666666666666 0.32675 0.7966666666666666 0.3215 0.7703333333333333 0.3225 0.7526666666666667 0.32725 0.7406666666666667 0.33525 0.737 0.34175 0.7336666666666667 0.35525 0.7333333333333333 0.3595 0.7353333333333333 0.3655
15 0.33766666666666667 0.36375 0.3393333333333333 0.3665 0.342 0.378 0.35 0.39 0.3516666666666667 0.40375 0.35233333333333333 0.4495 0.3556666666666667 0.45075 0.36666666666666664 0.4485 0.369 0.4495 0.37666666666666665 0.44925 0.4043333333333333 0.446 0.4076666666666667 0.4425 0.4056666666666667 0.408 0.4063333333333333 0.3816875 0.4073333333333333 0.37225 0.4116666666666667 0.36275 0.4116666666666667 0.35925 0.4083333333333333 0.35525 0.3983333333333333 0.35125 0.3913333333333333 0.35 0.36866666666666664 0.349 0.3516666666666667 0.34975 0.3416666666666667 0.35175 0.335 0.3565 0.334 0.3625 0.33766666666666667 0.36375
14 0.3443333333333333 0.2575 0.36333333333333334 0.25525 0.38 0.25175 0.39166666666666666 0.24825 0.394 0.2455 0.394 0.23075 0.39266666666666666 0.22725 0.3883333333333333 0.22325 0.37966666666666665 0.21975 0.36866666666666664 0.21825 0.3453333333333333 0.223 0.3413333333333333 0.22975 0.3406666666666667 0.25525 0.3443333333333333 0.2575
14 0.375 0.21725 0.39066666666666666 0.219 0.42533333333333334 0.20675 0.4266666666666667 0.18525 0.42533333333333334 0.18125 0.42133333333333334 0.17875 0.4073333333333333 0.175 0.394 0.1755 0.38 0.18 0.374 0.18575 0.37366666666666665 0.215 0.375 0.21725
14 0.10366666666666667 0.021 0.11733333333333333 0.01925 0.117 0.01725 0.11266666666666666 0.0165 0.10266666666666667 0.0175 0.10233333333333333 0.0205 0.10366666666666667 0.021
14 0.3973333333333333 0.24675 0.408 0.2455 0.44166666666666665 0.23775 0.44433333333333336 0.23525 0.44466666666666665 0.2175 0.44333333333333336 0.21375 0.43966666666666665 0.21175 0.4256666666666667 0.209 0.409 0.2115 0.3993333333333333 0.2155 0.39566666666666667 0.22075 0.395 0.242 0.3973333333333333 0.24675
14 0.432 0.20825 0.48733333333333334 0.1945 0.48966666666666664 0.19275 0.49066666666666664 0.178 0.4886666666666667 0.17175 0.48433333333333334 0.16825 0.4736666666666667 0.165 0.4563333333333333 0.1625 0.43933333333333335 0.16575 0.43033333333333335 0.1695 0.42766666666666664 0.17725 0.427 0.2035 0.432 0.20825
14 0.498 0.2245 0.506 0.22025 0.5063333333333333 0.20325 0.498 0.197 0.491 0.195 0.4653333333333333 0.19575 0.45 0.20225 0.446 0.2085 0.446 0.23425 0.498 0.2245
14 0.5213333333333333 0.22025 0.553 0.21275 0.5573333333333333 0.2105 0.557 0.1925 0.554 0.19 0.533 0.18975 0.513 0.1965 0.508 0.203 0.508 0.221 0.5213333333333333 0.22025
14 0.5603333333333333 0.21 0.5846666666666667 0.2065 0.6126666666666667 0.20025 0.616 0.19625 0.6156666666666667 0.18875 0.6133333333333333 0.1845 0.6093333333333333 0.18225 0.5956666666666667 0.18025 0.5813333333333334 0.1805 0.571 0.18225 0.5606666666666666 0.188 0.559 0.19225 0.5586666666666666 0.206 0.5603333333333333 0.21
14 0.5606666666666666 0.1875 0.6143333333333333 0.185 0.617 0.16075 0.6113333333333333 0.15275 0.6026666666666667 0.14725 0.5846666666666667 0.14775 0.5696666666666667 0.15125 0.565 0.15375 0.559 0.16175 0.5576666666666666 0.16475 0.5606666666666666 0.1875
14 0.6296666666666667 0.176 0.6336666666666667 0.1895 0.6413333333333333 0.1905 0.6686666666666666 0.186 0.715 0.1755 0.7373333333333333 0.16975 0.7393333333333333 0.16825 0.735 0.1115 0.7303333333333333 0.092 0.727 0.08875 0.721 0.086 0.68 0.0865 0.658 0.091 0.6436666666666667 0.0985 0.633 0.107 0.6263333333333333 0.11725 0.6253333333333333 0.12325 0.6296666666666667 0.176
14 0.668 0.08675 0.7203333333333334 0.084 0.7226666666666667 0.082 0.723 0.07025 0.721 0.0635 0.7133333333333334 0.0585 0.7003333333333334 0.05625 0.691 0.057 0.675 0.06375 0.6676666666666666 0.07075 0.666 0.0745 0.666 0.08425 0.668 0.08675
14 0.7533333333333333 0 0.7376666666666667 0.01225 0.731 0.023 0.734 0.07125 0.7376666666666667 0.089 0.7747873333333334 0.06661225 0.821 0.072 0.824 0.064 0.8186666666666667 0.015 0.8173333333333334 0.00825 0.8133333333333334 0 0.7533333333333333 0
14 0.83 0.09125 0.8383333333333334 0.14125 0.8406666666666667 0.14475 0.8486666666666667 0.1445 0.9216666666666666 0.127 0.922 0.116 0.9153333333333333 0.061 0.91 0.03075 0.9076666666666666 0.02725 0.8933333333333333 0.028 0.859 0.03925 0.8413333333333334 0.049 0.8353333333333334 0.0555 0.8306666666666667 0.06375 0.8293333333333334 0.0705 0.83 0.09125