7 0.4135465425531915 0.22131425 0.4777375886524823 0.22105375000000002 0.4809703014184397 0.20567625 0.4121613475177305 0.205241 0.4135465425531915 0.22131425
7 0.4144703014184397 0.23877674999999998 0.481894060283688 0.23877674999999998 0.4823554964539007 0.2226175 0.41770301418439715 0.22321275 0.4144703014184397 0.23877674999999998
7 0.4149321808510638 0.25623925000000003 0.481894060283688 0.25623925000000003 0.48281737588652485 0.23903749999999999 0.417010195035461 0.23923075 0.4149321808510638 0.25623925000000003
7 0.4147992021276596 0.27120175 0.48332358156028365 0.27262349999999996 0.48433156028368796 0.255988 0.4149250886524823 0.2562545 0.4147992021276596 0.27120175
7 0.41379166666666667 0.29011200000000004 0.48030053191489364 0.2903965 0.480552304964539 0.27376100000000003 0.41228014184397166 0.27437075 0.41379166666666667 0.29011200000000004
7 0.4127836879432624 0.3067475 0.47677349290780147 0.30731625 0.4797965425531915 0.28997 0.41379166666666667 0.28928975 0.4127836879432624 0.3067475
7 0.4140434397163121 0.32322875 0.48030053191489364 0.325788 0.4823160460992908 0.30844175 0.41454742907801423 0.30719275 0.4140434397163121 0.32322875
7 0.4130359042553191 0.33687825 0.48080452127659573 0.3347455 0.47954476950354613 0.32594825 0.4115243794326241 0.32479275 0.4130359042553191 0.33687825
7 0.5917553191489362 0.25475 0.5944148936170213 0.25625 0.598404255319149 0.256 0.6032801418439716 0.254 0.6054964539007093 0.24925 0.6085992907801419 0.247 0.6174645390070922 0.24825 0.625886524822695 0.247 0.6307624113475178 0.24775 0.6396276595744681 0.24625 0.6445035460992907 0.24675 0.6551418439716312 0.2455 0.6715425531914894 0.24575 0.6733156028368794 0.24125 0.6728723404255319 0.224 0.6715425531914894 0.2225 0.6578014184397163 0.2225 0.6041666666666666 0.2245 0.5979609929078015 0.2275 0.5944148936170213 0.23775 0.5935283687943262 0.25275 0.5917553191489362 0.25475
7 0.601063829787234 0.25225 0.5944148936170213 0.25775 0.5953014184397163 0.2615 0.5926418439716312 0.26675 0.5948581560283688 0.27275 0.6272163120567376 0.272 0.6338652482269503 0.2735 0.6400709219858156 0.27275 0.6440602836879432 0.2735 0.6445035460992907 0.27275 0.6613475177304965 0.272 0.6715425531914894 0.274 0.6733156028368794 0.2565 0.6715425531914894 0.2455 0.6223404255319149 0.247 0.6004703014184397 0.2487025 0.5953014184397163 0.24875 0.601063829787234 0.25225
7 0.5953014184397163 0.28475 0.5953014184397163 0.28825 0.601063829787234 0.29425 0.661790780141844 0.2925 0.6715425531914894 0.29175 0.6733156028368794 0.29025 0.6719858156028369 0.27525 0.6715425531914894 0.2745 0.6671099290780141 0.275 0.6644503546099291 0.273 0.6604609929078015 0.27425 0.6538120567375887 0.273 0.651595744680851 0.27425 0.6400709219858156 0.275 0.636968085106383 0.274 0.6289893617021277 0.2745 0.6161347517730497 0.2725 0.599290780141844 0.276 0.599290780141844 0.28 0.5953014184397163 0.28475
7 0.6023936170212766 0.319 0.6103723404255319 0.3175 0.6622340425531915 0.31625 0.6719858156028369 0.3155 0.6733156028368794 0.31425 0.6742021276595744 0.2965 0.6719858156028369 0.293 0.6019503546099291 0.29425 0.598404255319149 0.29625 0.598404255319149 0.30875 0.6023936170212766 0.319
7 0.6054964539007093 0.3335 0.6218971631205674 0.33225 0.636968085106383 0.33325 0.660904255319149 0.331 0.6688829787234043 0.33125 0.6715425531914894 0.33275 0.6737588652482269 0.3315 0.6750886524822695 0.32175 0.6737588652482269 0.31775 0.6715425531914894 0.31625 0.6054964539007093 0.3175 0.6019503546099291 0.3195 0.6019503546099291 0.33 0.6054964539007093 0.3335
7 0.6125886524822695 0.61625 0.6214539007092199 0.61475 0.6272163120567376 0.61625 0.6414007092198581 0.614 0.6560283687943262 0.61475 0.660904255319149 0.61625 0.6702127659574468 0.615 0.6786347517730497 0.61575 0.6817375886524822 0.615 0.6830673758865248 0.61325 0.6826241134751773 0.599 0.6808510638297872 0.5975 0.6476063829787234 0.59475 0.6272163120567376 0.59575 0.6179078014184397 0.5945 0.6134751773049646 0.596 0.6112588652482269 0.60225 0.6108156028368794 0.61275 0.6125886524822695 0.61625
7 0.6125886524822695 0.6315 0.6192375886524822 0.63725 0.624113475177305 0.63475 0.6391843971631206 0.6335 0.649822695035461 0.6345 0.6821808510638298 0.6345 0.6835106382978723 0.63175 0.6835106382978723 0.61825 0.6821808510638298 0.616 0.6644503546099291 0.61525 0.6436170212765957 0.61275 0.6374113475177305 0.61425 0.6125886524822695 0.61475 0.6108156028368794 0.617 0.6099290780141844 0.62125 0.6125886524822695 0.6315
7 0.6196808510638298 0.651 0.6476063829787234 0.65175 0.6653368794326241 0.65025 0.6786347517730497 0.6515 0.6821808510638298 0.651 0.6835106382978723 0.64975 0.6848404255319149 0.6395 0.6821808510638298 0.63325 0.6742021276595744 0.635 0.6595744680851063 0.6345 0.651595744680851 0.63325 0.6471631205673759 0.63375 0.6449468085106383 0.63275 0.6351950354609929 0.63275 0.6214539007092199 0.63475 0.6161347517730497 0.6335 0.6134751773049646 0.63425 0.6125886524822695 0.64675 0.6196808510638298 0.651
30 0.4061653368794326 0.89284925 0.4607056737588653 0.89529225 0.4840797872340426 0.8599505000000001 0.4823484042553192 0.84154675 0.4344454787234043 0.8395925 0.4064539007092199 0.87260925 0.4061653368794326 0.89284925
30 0.397219414893617 0.83666075 0.3963537234042553 0.8207000000000001 0.3721139184397163 0.8207000000000001 0.35710815602836876 0.84105825 0.3545110815602837 0.8655295 0.382790780141844 0.865325 0.397219414893617 0.83666075
30 0.3839450354609929 0.8661392499999999 0.35797384751773054 0.8663022499999999 0.35277925531914894 0.8708625 0.3522021276595745 0.89154625 0.4061653368794326 0.89333775 0.4067424645390071 0.8729797499999999 0.4332912234042553 0.84040675 0.3956325354609929 0.840872 0.3839450354609929 0.8661392499999999
21 0.4952362588652482 0.88064325 0.5364884751773049 0.8822895 0.5360718085106383 0.8674734999999999 0.543155585106383 0.84183975 0.5064871453900709 0.8413695 0.49690292553191484 0.8652015 0.4952362588652482 0.88064325
21 0.536603280141844 0.88164525 0.5778559397163121 0.8832915 0.5774392730496454 0.86847575 0.5845226063829787 0.8428417500000001 0.5478541666666666 0.8423714999999999 0.5382703900709219 0.8662035 0.536603280141844 0.88164525
21 0.4999481382978724 0.9405477499999999 0.5423058510638298 0.9435359999999999 0.5431205673758865 0.928135 0.5009663120567376 0.92631075 0.4999481382978724 0.9405477499999999
21 0.5434326241134751 0.94209975 0.585790780141844 0.9450879999999999 0.5866054964539007 0.929687 0.5444512411347517 0.92786275 0.5434326241134751 0.94209975
5 0.5048758865248227 0.3355 0.5132978723404256 0.33525 0.5195035460992907 0.3365 0.524822695035461 0.33525 0.5886524822695035 0.335 0.5930851063829787 0.33375 0.5957446808510638 0.3315 0.5944148936170213 0.31425 0.5917553191489362 0.30925 0.5802304964539007 0.308 0.5713652482269503 0.30925 0.5673758865248227 0.3085 0.5540780141843972 0.3095 0.5115248226950354 0.3095 0.5044326241134752 0.31025 0.5026595744680851 0.31225 0.5022163120567376 0.325 0.5048758865248227 0.3355
5 0.5048758865248227 0.309 0.5447695035460993 0.3085 0.5771276595744681 0.30675 0.5917553191489362 0.3085 0.5944148936170213 0.3055 0.5935283687943262 0.2865 0.5921985815602837 0.28325 0.5899822695035462 0.28225 0.5372340425531915 0.28325 0.5150709219858156 0.28225 0.5048758865248227 0.28325 0.5026595744680851 0.285 0.5026595744680851 0.30475 0.5048758865248227 0.309
5 0.49822695035460995 0.112 0.5651595744680851 0.112 0.5780141843971631 0.1115 0.5806737588652482 0.1095 0.5820035460992907 0.09225 0.5806737588652482 0.09125 0.5722517730496454 0.09125 0.56427304964539 0.0925 0.5146276595744681 0.0905 0.49867021276595747 0.09125 0.49601063829787234 0.09375 0.4946808510638298 0.10975 0.49822695035460995 0.112
5 0.5022163120567376 0.12425 0.5035460992907801 0.13375 0.5084219858156028 0.13675 0.5106382978723404 0.136 0.5341312056737588 0.13575 0.550531914893617 0.13725 0.5567375886524822 0.13575 0.5877659574468085 0.13675 0.5921985815602837 0.13575 0.5930851063829787 0.12525 0.5917553191489362 0.11675 0.5815602836879432 0.1135 0.5283687943262412 0.11225 0.5070921985815603 0.113 0.4977836879432624 0.11525 0.4973404255319149 0.11975 0.5022163120567376 0.12425
5 0.5106382978723404 0.15675 0.5150709219858156 0.15775 0.5212765957446809 0.157 0.5917553191489362 0.1585 0.5975177304964538 0.15575 0.5979609929078015 0.1405 0.5961879432624113 0.13775 0.5921985815602837 0.1365 0.5740248226950354 0.1375 0.5687056737588653 0.13625 0.5168439716312057 0.13625 0.5115248226950354 0.13775 0.5093085106382979 0.14025 0.5084219858156028 0.155 0.5106382978723404 0.15675
5 0.5079787234042553 0.178 0.5137411347517731 0.17825 0.5190602836879432 0.18 0.5305851063829787 0.17775 0.5465425531914894 0.1785 0.5886524822695035 0.17775 0.5935283687943262 0.1755 0.5930851063829787 0.16075 0.5886524822695035 0.15775 0.5288120567375887 0.15725 0.5195035460992907 0.1585 0.5084219858156028 0.15775 0.5057624113475178 0.161 0.5053191489361702 0.176 0.5079787234042553 0.178
5 0.5811170212765957 0.06625 0.6041666666666666 0.06575 0.6334219858156028 0.067 0.6480496453900709 0.065 0.6586879432624113 0.06575 0.6644503546099291 0.06425 0.663563829787234 0.0465 0.660904255319149 0.04225 0.600177304964539 0.04475 0.5806737588652482 0.04625 0.5780141843971631 0.04775 0.5780141843971631 0.06425 0.5811170212765957 0.06625
5 0.5851063829787234 0.112 0.6077127659574468 0.10975 0.6613475177304965 0.108 0.6648936170212766 0.10725 0.6662234042553191 0.1055 0.6671099290780141 0.092 0.6648936170212766 0.08525 0.6462765957446809 0.08675 0.6125886524822695 0.08675 0.6090425531914894 0.08825 0.6023936170212766 0.0875 0.5948581560283688 0.08925 0.5846631205673759 0.0895 0.5828900709219859 0.091 0.5833333333333334 0.10975 0.5851063829787234 0.112
5 0.6032801418439716 0.1335 0.6312056737588653 0.1335 0.6329787234042553 0.1325 0.6374113475177305 0.133 0.6458333333333334 0.132 0.6648936170212766 0.13275 0.6679964539007093 0.13075 0.6684397163120568 0.112 0.6662234042553191 0.10975 0.6613475177304965 0.1105 0.612145390070922 0.11075 0.6015070921985816 0.112 0.599290780141844 0.114 0.5997340425531915 0.1235 0.6032801418439716 0.1335
5 0.644355939716312 0.1555 0.6613475177304965 0.156 0.6684397163120568 0.15425 0.6693262411347518 0.14 0.6684397163120568 0.13375 0.6662234042553191 0.13275 0.6125886524822695 0.13475 0.6059397163120568 0.1355 0.6019503546099291 0.13975 0.6023936170212766 0.15725 0.644355939716312 0.1555
5 0.6041666666666666 0.17725 0.663563829787234 0.17725 0.6679964539007093 0.17675 0.6706560283687943 0.17525 0.6702127659574468 0.15975 0.6679964539007093 0.15625 0.6117021276595744 0.15675 0.6050531914893617 0.1575 0.601063829787234 0.16025 0.6006205673758865 0.17525 0.6041666666666666 0.17725
5 0.30363475177304966 0.61125 0.3067375886524823 0.6165 0.3380075354609929 0.6151475000000001 0.34605851063829784 0.614834 0.35105585106382975 0.61530425 0.35993971631205673 0.61530425 0.37215514184397164 0.6146775 0.3727101063829787 0.6120137499999999 0.3738209219858156 0.6113869999999999 0.37101063829787234 0.61075 0.3723404255319149 0.5985 0.3718776595744681 0.5966585 0.3532801418439716 0.59625 0.34175531914893614 0.59525 0.3204787234042553 0.59675 0.31427304964539005 0.59875 0.31072695035460995 0.5975 0.3058510638297872 0.5975 0.30363475177304966 0.59775 0.30363475177304966 0.61125
5 0.3249113475177305 0.6525 0.3625886524822695 0.65025 0.36613475177304966 0.6485 0.3674645390070922 0.64 0.36613475177304966 0.63725 0.3617021276595745 0.636 0.35904255319148937 0.63325 0.35593971631205673 0.63425 0.35150709219858156 0.63275 0.3475177304964539 0.635 0.337322695035461 0.6365 0.30097517730496454 0.6365 0.2969858156028369 0.6425 0.2969858156028369 0.65225 0.3249113475177305 0.6525
5 0.3054502482269504 0.6173109984999999 0.3046923758865248 0.6344197500000001 0.37493129432624117 0.633323 0.3735429964539007 0.61546075 0.3054502482269504 0.6173109984999999
5 0.2944202127659574 0.6718289999999999 0.36327127659574465 0.67167225 0.36327127659574465 0.65334 0.29525310283687944 0.65419125 0.2944202127659574 0.6718289999999999
5 0.29525310283687944 0.68937775 0.36382624113475176 0.6898479999999999 0.3641041666666667 0.67167225 0.29525310283687944 0.67227625 0.29525310283687944 0.68937775
5 0.2946981382978724 0.70959025 0.3643816489361702 0.70912025 0.36493705673758864 0.69063125 0.29525310283687944 0.69106575 0.2946981382978724 0.70959025
5 0.2944202127659574 0.72760925 0.3616054964539007 0.72760925 0.36354875886524823 0.709277 0.2960859929078014 0.70891575 0.2944202127659574 0.72760925
5 0.29330984042553193 0.7476535 0.36271586879432627 0.7470382499999999 0.36271586879432627 0.728706 0.2944202127659574 0.7288797499999999 0.29330984042553193 0.7476535
5 0.5394237588652483 0.7073852500000001 0.5763475177304964 0.7078552499999999 0.5771804078014184 0.697514 0.567186170212766 0.6903065 0.5334547872340425 0.68824725 0.5324831560283687 0.6972007499999999 0.5394237588652483 0.7073852500000001
5 0.541550975177305 0.71871625 0.5784809397163121 0.7190884999999999 0.5787446808510638 0.7083695 0.5408914007092198 0.7090235 0.541550975177305 0.71871625
5 0.5423421985815602 0.7292865000000001 0.5799317375886525 0.7295097500000001 0.5790084219858156 0.7190884999999999 0.5412872340425532 0.7197352499999999 0.5423421985815602 0.7292865000000001
5 0.5410234929078014 0.7294165 0.5420784574468086 0.73998675 0.5790084219858156 0.74013575 0.5795359042553192 0.7300865 0.5418807624113475 0.73011225 0.5410234929078014 0.7294165
5 0.5837566489361702 0.739838 0.6212140957446809 0.7397635 0.6189716312056738 0.7297887500000001 0.5838882978723404 0.7303099999999999 0.5837566489361702 0.739838
5 0.5796019503546099 0.6860925 0.6170593971631205 0.6854969999999999 0.6163998226950355 0.6748525 0.6124432624113475 0.6682275 0.5767003546099291 0.6696354999999999 0.5768320035460993 0.67753225 0.5796019503546099 0.6860925
5 0.5815802304964539 0.6967369999999999 0.618510195035461 0.6962904999999999 0.6161360815602837 0.6859437500000001 0.5794698581560284 0.68670725 0.5815802304964539 0.6967369999999999
5 0.5815802304964539 0.7074805 0.6187739361702127 0.7074805 0.6177189716312057 0.6967614999999999 0.580261524822695 0.69775375 0.5815802304964539 0.7074805
5 0.5817123226950355 0.71894 0.6193014184397163 0.718568 0.6182464539007092 0.7080192500000001 0.5809206560283688 0.70844425 0.5817123226950355 0.71894
5 0.5823714539007092 0.7294985 0.6208843085106382 0.728903 0.6202247340425532 0.71892825 0.5814481382978723 0.7191775 0.5823714539007092 0.7294985