14 0.36524822695035464 0.04 0.3776595744680851 0.03625 0.386968085106383 0.0355 0.3971631205673759 0.036 0.4228723404255319 0.04125 0.43572695035460995 0.0495 0.43882978723404253 0.04675 0.44370567375886527 0.02275 0.4423758865248227 0.016 0.436613475177305 0.01175 0.42907801418439717 0.00825 0.4171099290780142 0.005 0.4046985815602837 0.00325 0.39406028368794327 0.00325 0.38342198581560283 0.00475 0.37632978723404253 0.00725 0.3701241134751773 0.0125 0.3679078014184397 0.017 0.36436170212765956 0.0355 0.36524822695035464 0.04
14 0.28856382978723405 0.069 0.2898936170212766 0.072 0.31560283687943264 0.0685 0.3523936170212766 0.0705 0.35593971631205673 0.06525 0.35638297872340424 0.04875 0.3625886524822695 0.0375 0.3603723404255319 0.0335 0.3346631205673759 0.0285 0.313386524822695 0.0285 0.29432624113475175 0.033 0.2898936170212766 0.03625 0.28812056737588654 0.04275 0.28856382978723405 0.069
14 0.2859042553191489 0.09425 0.3045212765957447 0.093 0.3182624113475177 0.09375 0.3484042553191489 0.09875 0.3541666666666667 0.095 0.3554964539007092 0.0735 0.3519503546099291 0.07025 0.3173758865248227 0.069 0.2916666666666667 0.07225 0.28634751773049644 0.07525 0.2841312056737589 0.078 0.2841312056737589 0.092 0.2859042553191489 0.09425
14 0.2703900709219858 0.138 0.2721631205673759 0.14175 0.27925531914893614 0.142 0.30319148936170215 0.1385 0.3120567375886525 0.1385 0.34175531914893614 0.1435 0.3470744680851064 0.14225 0.3497340425531915 0.13625 0.3484042553191489 0.105 0.34618794326241137 0.0985 0.32136524822695034 0.09475 0.3049645390070922 0.094 0.2823581560283688 0.09625 0.2730496453900709 0.0985 0.2695035460992908 0.1015 0.26906028368794327 0.12225 0.2703900709219858 0.138
14 0.27925531914893614 0.1525 0.2828014184397163 0.15425 0.2712765957446808 0.16475 0.2717198581560284 0.179 0.274822695035461 0.18225 0.27570921985815605 0.1895 0.2841312056737589 0.19 0.29476950354609927 0.18825 0.29654255319148937 0.189 0.34397163120567376 0.18875 0.3453014184397163 0.18975 0.3475177304964539 0.1885 0.350177304964539 0.1885 0.3519503546099291 0.18975 0.3537234042553192 0.189 0.35638297872340424 0.1855 0.35062056737588654 0.17775 0.3541666666666667 0.1725 0.3537234042553192 0.16225 0.34397163120567376 0.15175 0.3479609929078014 0.15075 0.34929078014184395 0.149 0.3470744680851064 0.14325 0.3280141843971631 0.14175 0.3249113475177305 0.1405 0.32180851063829785 0.14125 0.3182624113475177 0.14025 0.30363475177304966 0.13975 0.2726063829787234 0.144 0.2717198581560284 0.14825 0.2721631205673759 0.15175 0.27925531914893614 0.1525
14 0.35904255319148937 0.076 0.3625886524822695 0.07525 0.36613475177304966 0.07275 0.37101063829787234 0.072 0.40647163120567376 0.071 0.4166666666666667 0.0725 0.425531914893617 0.07775 0.42819148936170215 0.08125 0.4295212765957447 0.08075 0.4317375886524823 0.075 0.4326241134751773 0.05725 0.4317375886524823 0.05 0.42686170212765956 0.0435 0.41843971631205673 0.0405 0.4078014184397163 0.03925 0.4002659574468085 0.037 0.3905141843971631 0.036 0.3798758865248227 0.03625 0.3625886524822695 0.04125 0.35771276595744683 0.0485 0.35726950354609927 0.07175 0.35904255319148937 0.076
14 0.37145390070921985 0.09275 0.3776595744680851 0.0925 0.4219858156028369 0.0965 0.424645390070922 0.088 0.424645390070922 0.08175 0.4233156028368794 0.07775 0.4148936170212766 0.07275 0.37632978723404253 0.07275 0.3603723404255319 0.076 0.35726950354609927 0.07925 0.35904255319148937 0.09575 0.37145390070921985 0.09275
14 0.35062056737588654 0.1265 0.3523936170212766 0.1295 0.35593971631205673 0.12325 0.3599290780141844 0.11975 0.37367021276595747 0.1155 0.40381205673758863 0.1135 0.4219858156028369 0.11425 0.4233156028368794 0.113 0.42154255319148937 0.09625 0.40558510638297873 0.0955 0.3905141843971631 0.0935 0.386968085106383 0.09175 0.3798758865248227 0.09175 0.3603723404255319 0.09475 0.35593971631205673 0.09625 0.3497340425531915 0.1005 0.34884751773049644 0.11175 0.35062056737588654 0.1265
14 0.35726950354609927 0.15 0.36347517730496454 0.15275 0.3696808510638298 0.15925 0.3723404255319149 0.15525 0.3825354609929078 0.155 0.386968085106383 0.15175 0.40558510638297873 0.15175 0.4104609929078014 0.15475 0.41134751773049644 0.158 0.4237588652482269 0.1515 0.4250886524822695 0.152 0.42686170212765956 0.15025 0.43395390070921985 0.1485 0.438386524822695 0.14425 0.43882978723404253 0.126 0.4375 0.123 0.43439716312056736 0.1195 0.41976950354609927 0.115 0.3971631205673759 0.1145 0.3696808510638298 0.1165 0.3599290780141844 0.12 0.35726950354609927 0.12325 0.3541666666666667 0.133 0.3546099290780142 0.1475 0.35726950354609927 0.15
14 0.44902482269503546 0.04675 0.45390070921985815 0.04475 0.47384751773049644 0.04475 0.48182624113475175 0.04725 0.49645390070921985 0.049 0.5048758865248227 0.0515 0.5075354609929078 0.051 0.5101950354609929 0.05375 0.5097517730496454 0.0575 0.511968085106383 0.05875 0.5124113475177305 0.03475 0.5097517730496454 0.0295 0.5044326241134752 0.02775 0.4875886524822695 0.025 0.4676418439716312 0.02525 0.4601063829787234 0.02625 0.44813829787234044 0.03125 0.44370567375886527 0.0345 0.44370567375886527 0.04725 0.44902482269503546 0.04675
14 0.43882978723404253 0.0815 0.44104609929078015 0.08 0.4521276595744681 0.07725 0.46675531914893614 0.07725 0.47606382978723405 0.076 0.4973404255319149 0.083 0.5022163120567376 0.0885 0.5048758865248227 0.08175 0.5062056737588653 0.06075 0.4995567375886525 0.05025 0.4862588652482269 0.04725 0.46675531914893614 0.04475 0.4525709219858156 0.04575 0.44592198581560283 0.04725 0.44148936170212766 0.05025 0.43882978723404253 0.0535 0.4375 0.059 0.436613475177305 0.078 0.43882978723404253 0.0815
14 0.438386524822695 0.144 0.44104609929078015 0.1465 0.44592198581560283 0.1475 0.4601063829787234 0.14725 0.49157801418439717 0.1455 0.4995567375886525 0.14375 0.5013297872340425 0.12975 0.49822695035460995 0.126 0.4769503546099291 0.12275 0.4676418439716312 0.12325 0.4450354609929078 0.12175 0.43927304964539005 0.123 0.4401595744680851 0.13475 0.438386524822695 0.144
14 0.42899955673758866 0.11697624999999999 0.44229742907801417 0.12317600000000001 0.44923537234042554 0.1225235 0.5087867907801419 0.125134 0.5087867907801419 0.0980505 0.49433244680851063 0.0905455 0.46715868794326243 0.08760875 0.44403191489361704 0.0885875 0.4284215425531915 0.09358675 0.42899955673758866 0.11697624999999999