14 0.03634751773049645 0.24025 0.04343971631205674 0.24075 0.04698581560283688 0.2395 0.061170212765957445 0.2385 0.09175531914893617 0.24375 0.09352836879432624 0.24275 0.0975177304964539 0.2275 0.0975177304964539 0.22125 0.09175531914893617 0.217 0.08111702127659574 0.2145 0.057624113475177305 0.213 0.03945035460992908 0.21525 0.03590425531914894 0.21725 0.0350177304964539 0.2205 0.034574468085106384 0.235 0.03634751773049645 0.24025
14 0.034131205673758866 0.25625 0.06382978723404255 0.25775 0.08156028368794327 0.262 0.09175531914893617 0.267 0.09530141843971632 0.2595 0.09530141843971632 0.24975 0.09397163120567376 0.24625 0.09086879432624113 0.244 0.0749113475177305 0.24075 0.060726950354609927 0.24 0.03634751773049645 0.242 0.034574468085106384 0.2455 0.031914893617021274 0.255 0.034131205673758866 0.25625
14 0.020833333333333332 0.28475 0.030141843971631204 0.286 0.04654255319148936 0.2845 0.05053191489361702 0.28325 0.07358156028368794 0.28575 0.0851063829787234 0.28975 0.08820921985815602 0.27175 0.08687943262411348 0.26625 0.08333333333333333 0.26275 0.07092198581560284 0.2595 0.0678191489361702 0.25775 0.044326241134751775 0.2565 0.025709219858156027 0.258 0.0199468085106383 0.26275 0.019060283687943262 0.281 0.020833333333333332 0.28475
14 0.040336879432624116 0.31225 0.07225177304964539 0.3115 0.08111702127659574 0.313 0.08466312056737589 0.31275 0.08820921985815602 0.311 0.08732269503546099 0.29625 0.08333333333333333 0.29125 0.07047872340425532 0.28875 0.0673758865248227 0.28675 0.05186170212765957 0.28525 0.03945035460992908 0.2865 0.024822695035460994 0.2865 0.0199468085106383 0.288 0.018617021276595744 0.29075 0.01773049645390071 0.31075 0.040336879432624116 0.31225
14 0.09411968085106383 0.27121724999999997 0.09942198581560284 0.27071850000000003 0.09986391843971631 0.24752549999999998 0.10781781914893616 0.24528125 0.12637632978723404 0.24403424999999998 0.1542145390070922 0.24727625 0.15465647163120566 0.24578 0.16747074468085107 0.24079224999999999 0.16747074468085107 0.23081675000000001 0.1387491134751773 0.22533025 0.1223993794326241 0.22433275 0.09743351063829787 0.2270375 0.09411968085106383 0.27121724999999997
14 0.09721276595744681 0.27021975 0.11179432624113475 0.268474 0.124167109929078 0.268474 0.13830718085106383 0.2694715 0.15509840425531915 0.27346175 0.15465647163120566 0.24952074999999999 0.13565558510638298 0.24578 0.10074778368794327 0.247224 0.09721276595744681 0.27021975
14 0.12456338652482268 0.29263475 0.1416090425531915 0.29522475 0.1563599290780142 0.29762975 0.15668794326241134 0.27339425 0.1291529255319149 0.26821425 0.09686436170212766 0.2715865 0.09768395390070922 0.29522475 0.12456338652482268 0.29263475
14 0.09899512411347518 0.31317 0.15275443262411345 0.314465 0.15373758865248227 0.312985 0.1530820035460993 0.29799975 0.11440159574468084 0.29392975 0.09883156028368795 0.2968225 0.09899512411347518 0.31317
14 0.17375886524822695 0.24125 0.18218085106382978 0.2415 0.1848404255319149 0.2405 0.19237588652482268 0.24025 0.19592198581560283 0.24175 0.20390070921985815 0.24275 0.20700354609929078 0.2445 0.20966312056737588 0.24775 0.21054964539007093 0.2595 0.21320921985815602 0.265 0.2375886524822695 0.27075 0.24113475177304963 0.26525 0.2402482269503546 0.23975 0.23714539007092197 0.2345 0.22650709219858156 0.23 0.20079787234042554 0.2265 0.17597517730496454 0.22875 0.1702127659574468 0.2315 0.1697695035460993 0.23675 0.17375886524822695 0.24125
14 0.15558510638297873 0.26275 0.15780141843971632 0.265 0.1724290780141844 0.2635 0.18129432624113476 0.26075 0.18572695035460993 0.26075 0.18882978723404256 0.263 0.19237588652482268 0.2605 0.19592198581560283 0.2615 0.20877659574468085 0.261 0.20877659574468085 0.24775 0.2074468085106383 0.2445 0.20390070921985815 0.243 0.18971631205673758 0.2405 0.17420212765957446 0.2405 0.16400709219858156 0.242 0.15691489361702127 0.24525 0.1551418439716312 0.24775 0.15558510638297873 0.26275
14 0.15780141843971632 0.3065 0.15947429078014183 0.315575 0.1781586879432624 0.31391 0.19422074468085104 0.31539 0.21421675531914894 0.31576 0.22995079787234043 0.31576 0.23060638297872343 0.310395 0.23049645390070922 0.3045 0.22916666666666666 0.292 0.2300531914893617 0.2725 0.22650709219858156 0.269 0.20301418439716312 0.26225 0.19592198581560283 0.2615 0.16843971631205673 0.2625 0.15780141843971632 0.2655 0.15691489361702127 0.2725 0.15647163120567376 0.30275 0.15780141843971632 0.3065
14 0.23359929078014185 0.31525 0.23847517730496454 0.316 0.2429078014184397 0.314 0.24202127659574468 0.31 0.24379432624113476 0.30375 0.24157801418439717 0.279 0.23891843971631205 0.27175 0.23093971631205673 0.26975 0.22739361702127658 0.2705 0.23138297872340424 0.31325 0.23359929078014185 0.31525