6 0.042222 0.310000 0.046667 0.316500 0.056667 0.321500 0.067778 0.321000 0.073333 0.318500 0.130000 0.321000 0.140000 0.317500 0.138889 0.295500 0.111111 0.296500 0.045556 0.291500 0.042222 0.293000 0.042222 0.310000
6 0.043333 0.348000 0.076667 0.351000 0.091111 0.349000 0.137778 0.351500 0.140000 0.329000 0.133333 0.324500 0.084444 0.322500 0.058889 0.323500 0.044444 0.321500 0.041111 0.323500 0.040000 0.345500 0.043333 0.348000
6 0.148889 0.353000 0.240000 0.353500 0.240000 0.331000 0.211111 0.330500 0.197778 0.328000 0.146667 0.327500 0.145556 0.349500 0.148889 0.353000
6 0.150000 0.376500 0.164444 0.378500 0.182222 0.376500 0.195556 0.379500 0.231111 0.380500 0.233333 0.362500 0.223333 0.355500 0.194444 0.357000 0.177778 0.354500 0.146667 0.354500 0.146667 0.374500 0.150000 0.376500
6 0.067778 0.378500 0.074444 0.383500 0.104444 0.381000 0.136667 0.382500 0.136667 0.352500 0.120000 0.350000 0.102222 0.350500 0.091111 0.348000 0.085556 0.350000 0.038889 0.349500 0.040000 0.376500 0.067778 0.378500
6 0.056667 0.410000 0.070000 0.409000 0.081111 0.411500 0.093333 0.411500 0.100000 0.418000 0.110000 0.412000 0.120000 0.411500 0.134444 0.415000 0.140000 0.402000 0.135556 0.381000 0.074444 0.377000 0.042222 0.377500 0.040000 0.379000 0.040000 0.400000 0.056667 0.410000
6 0.152222 0.412000 0.174444 0.410000 0.188889 0.410000 0.197778 0.412500 0.240000 0.410500 0.240000 0.383500 0.161111 0.379500 0.145556 0.382000 0.144444 0.406000 0.152222 0.412000
6 0.045556 0.455000 0.103333 0.457500 0.125556 0.456000 0.167778 0.458000 0.171111 0.456500 0.174444 0.428500 0.167778 0.424500 0.121111 0.424500 0.056667 0.419500 0.051111 0.423000 0.042222 0.439000 0.041111 0.453500 0.045556 0.455000
6 0.293333 0.464500 0.297778 0.439000 0.290000 0.431500 0.244444 0.428500 0.197778 0.428500 0.188889 0.426500 0.177778 0.428500 0.175556 0.435000 0.175556 0.460500 0.293333 0.464500
6 0.316667 0.362500 0.318889 0.345000 0.283333 0.341000 0.248889 0.342500 0.251111 0.360000 0.316667 0.362500
6 0.297778 0.387500 0.310000 0.392000 0.313333 0.366000 0.303333 0.363500 0.280000 0.363500 0.267778 0.361000 0.252222 0.362000 0.247778 0.368000 0.247778 0.386500 0.297778 0.387500
6 0.330000 0.390500 0.357778 0.393500 0.391111 0.394000 0.394444 0.388500 0.393333 0.371000 0.327778 0.367500 0.320000 0.369000 0.317778 0.374500 0.317778 0.392000 0.330000 0.390500
6 0.305556 0.412500 0.308889 0.392000 0.295556 0.388500 0.273333 0.387000 0.258889 0.388500 0.247778 0.386500 0.247778 0.412500 0.305556 0.412500
6 0.318889 0.413500 0.388889 0.416000 0.391111 0.403000 0.386667 0.395000 0.334444 0.391500 0.318889 0.392500 0.315556 0.395500 0.314444 0.412000 0.318889 0.413500
6 0.323333 0.362500 0.335556 0.367500 0.365556 0.370500 0.393333 0.370500 0.396667 0.351000 0.368889 0.346500 0.342222 0.345500 0.321111 0.345500 0.323333 0.362500
6 0.038889 0.490000 0.060000 0.492500 0.067778 0.491500 0.074444 0.494000 0.112222 0.493000 0.122222 0.495500 0.144444 0.492500 0.161111 0.494000 0.165556 0.491500 0.167778 0.460000 0.164444 0.458500 0.046667 0.455500 0.038889 0.458500 0.036667 0.467000 0.035556 0.485500 0.038889 0.490000
6 0.202222 0.497000 0.217778 0.495000 0.285556 0.499500 0.291111 0.498000 0.293333 0.466500 0.290000 0.464500 0.272222 0.462500 0.174444 0.460000 0.171111 0.466500 0.171111 0.495500 0.202222 0.497000
6 0.032222 0.526000 0.108889 0.529500 0.112222 0.528000 0.118889 0.529500 0.157778 0.528000 0.160000 0.526500 0.161111 0.493500 0.116667 0.495500 0.035556 0.490500 0.030000 0.499000 0.028889 0.523000 0.032222 0.526000
6 0.166667 0.529500 0.281111 0.533500 0.290000 0.529000 0.291111 0.501000 0.285556 0.499000 0.170000 0.495000 0.164444 0.508500 0.163333 0.527500 0.166667 0.529500
6 0.028889 0.563000 0.047778 0.563000 0.060000 0.566000 0.098889 0.565500 0.105556 0.568500 0.112222 0.565000 0.126667 0.566500 0.152222 0.565000 0.157778 0.529000 0.090000 0.530000 0.050000 0.529500 0.033333 0.527500 0.027778 0.528500 0.025556 0.534500 0.024444 0.560500 0.028889 0.563000
6 0.174444 0.569500 0.214444 0.570500 0.230000 0.569500 0.235556 0.567000 0.257778 0.570000 0.278889 0.569500 0.283333 0.566500 0.284444 0.535000 0.248889 0.531500 0.164444 0.531000 0.158889 0.551000 0.158889 0.566000 0.174444 0.569500
6 0.025556 0.599500 0.150000 0.602000 0.153333 0.576000 0.150000 0.565000 0.107778 0.568000 0.060000 0.564500 0.024444 0.564000 0.022222 0.565500 0.022222 0.595500 0.025556 0.599500
6 0.155556 0.603500 0.206667 0.602500 0.265556 0.605000 0.272222 0.603500 0.276667 0.599000 0.276667 0.569500 0.223333 0.567000 0.172222 0.569000 0.157778 0.567000 0.153333 0.583000 0.151111 0.600000 0.155556 0.603500
6 0.017778 0.639000 0.033333 0.638500 0.076667 0.642000 0.104444 0.640500 0.135556 0.641500 0.143333 0.640500 0.145556 0.637000 0.152222 0.609000 0.148889 0.606000 0.138889 0.604500 0.034444 0.602000 0.023333 0.605500 0.016667 0.621500 0.013333 0.637000 0.017778 0.639000
6 0.190000 0.640500 0.236667 0.643500 0.271111 0.642500 0.276667 0.620500 0.276667 0.612500 0.272222 0.608000 0.164444 0.605000 0.156667 0.605500 0.152222 0.609000 0.150000 0.642500 0.190000 0.640500
6 0.015556 0.678000 0.133333 0.679500 0.140000 0.675500 0.145556 0.651500 0.142222 0.642500 0.103333 0.640000 0.017778 0.640000 0.011111 0.652500 0.010000 0.675000 0.015556 0.678000
6 0.150000 0.679500 0.174444 0.679500 0.185556 0.676000 0.226667 0.679000 0.241111 0.677500 0.250000 0.680000 0.267778 0.678500 0.272222 0.671000 0.270000 0.643000 0.245556 0.644000 0.231111 0.641500 0.215556 0.643500 0.178889 0.642000 0.154444 0.643000 0.147778 0.646500 0.145556 0.674500 0.150000 0.679500
6 0.011111 0.715000 0.088889 0.716000 0.101111 0.718000 0.117778 0.715500 0.133333 0.716500 0.137778 0.702000 0.136667 0.680000 0.078889 0.680000 0.057778 0.677500 0.041111 0.680000 0.022222 0.678500 0.007778 0.680500 0.004444 0.687500 0.004444 0.708500 0.011111 0.715000
6 0.153333 0.715500 0.224444 0.715500 0.257778 0.720000 0.265556 0.707500 0.266667 0.683500 0.263333 0.681500 0.216667 0.679500 0.185556 0.681000 0.146667 0.679500 0.138889 0.703500 0.140000 0.717500 0.153333 0.715500
6 0.004444 0.753500 0.023333 0.752000 0.075556 0.754000 0.128889 0.751500 0.133333 0.712500 0.106667 0.716000 0.054444 0.716000 0.050000 0.714000 0.034444 0.716500 0.007778 0.715000 0.002222 0.719000 0.000000 0.751000 0.004444 0.753500
6 0.136667 0.753500 0.254444 0.753000 0.262222 0.732000 0.258889 0.716500 0.242222 0.717500 0.237778 0.715500 0.203333 0.716500 0.196667 0.715000 0.176667 0.716500 0.161111 0.715000 0.145556 0.717500 0.140000 0.716500 0.135556 0.723000 0.133333 0.742500 0.136667 0.753500
6 0.005556 0.789500 0.125556 0.790000 0.130000 0.753500 0.013333 0.753000 0.003333 0.757500 0.002222 0.787500 0.005556 0.789500
6 0.133333 0.792500 0.204444 0.790000 0.247778 0.790500 0.252222 0.789000 0.256667 0.779000 0.256667 0.758000 0.247778 0.753500 0.227778 0.752500 0.136667 0.754500 0.131111 0.773000 0.130000 0.790500 0.133333 0.792500
6 0.343333 0.466500 0.405556 0.467500 0.422222 0.465500 0.426667 0.436000 0.423333 0.434000 0.317778 0.430500 0.310000 0.432500 0.305556 0.439000 0.306667 0.462000 0.343333 0.466500
6 0.168889 0.326000 0.171111 0.327500 0.181111 0.325500 0.223333 0.329000 0.241111 0.327000 0.242222 0.304000 0.237778 0.301000 0.174444 0.296500 0.150000 0.296500 0.145556 0.300500 0.147778 0.326500 0.168889 0.326000
6 0.350000 0.501500 0.417778 0.499000 0.420000 0.473500 0.413333 0.468500 0.308889 0.464000 0.301111 0.469500 0.306667 0.498000 0.350000 0.501500
6 0.301111 0.532000 0.334444 0.534000 0.372222 0.533000 0.378889 0.535000 0.413333 0.534000 0.414444 0.501000 0.378889 0.500000 0.350000 0.502000 0.310000 0.498000 0.298889 0.501500 0.297778 0.526000 0.301111 0.532000
6 0.294444 0.568500 0.358889 0.568500 0.368889 0.570000 0.408889 0.564500 0.413333 0.536500 0.410000 0.535000 0.371111 0.535500 0.355556 0.533500 0.335556 0.535000 0.298889 0.533000 0.292222 0.546500 0.291111 0.564500 0.294444 0.568500
6 0.290000 0.603000 0.346667 0.604000 0.354444 0.602500 0.362222 0.605000 0.402222 0.604000 0.407778 0.585500 0.407778 0.576000 0.403333 0.573000 0.382222 0.569000 0.328096 0.569500 0.307778 0.567500 0.295556 0.568000 0.291111 0.572000 0.286667 0.591000 0.290000 0.603000
6 0.313333 0.642000 0.340000 0.639500 0.358889 0.641500 0.367778 0.638500 0.381111 0.639500 0.398889 0.636500 0.403333 0.620500 0.400000 0.607000 0.300000 0.607000 0.287778 0.609500 0.288889 0.640500 0.313333 0.642000
6 0.286667 0.677500 0.298889 0.679000 0.370000 0.678500 0.398889 0.675000 0.401111 0.639000 0.397778 0.636000 0.390000 0.639000 0.374444 0.639000 0.362222 0.642000 0.350000 0.641500 0.327778 0.636500 0.321111 0.641000 0.288889 0.641000 0.282222 0.653000 0.282222 0.675000 0.286667 0.677500
6 0.293333 0.714000 0.295556 0.716500 0.303333 0.716500 0.326667 0.713500 0.347778 0.713500 0.352222 0.716500 0.360000 0.713000 0.394444 0.713000 0.396667 0.677500 0.388889 0.679500 0.285556 0.679000 0.281111 0.681000 0.280000 0.689000 0.282222 0.716500 0.293333 0.714000
6 0.277778 0.750000 0.307778 0.753000 0.391111 0.748000 0.395556 0.722500 0.392222 0.713500 0.376667 0.712500 0.365556 0.709500 0.296667 0.714500 0.284444 0.713000 0.277778 0.716500 0.274444 0.723500 0.277778 0.750000
6 0.275556 0.786000 0.358889 0.786500 0.390000 0.784000 0.393333 0.760000 0.390000 0.749500 0.274444 0.751000 0.272222 0.753000 0.271111 0.779500 0.275556 0.786000
6 0.431111 0.468500 0.452222 0.471000 0.482222 0.469500 0.517778 0.470500 0.532222 0.474000 0.535556 0.451000 0.527778 0.439500 0.513333 0.437500 0.431111 0.435000 0.426667 0.444500 0.425556 0.464500 0.431111 0.468500
6 0.426667 0.501500 0.512222 0.503500 0.528889 0.507000 0.535556 0.491500 0.532222 0.470000 0.428889 0.468000 0.424444 0.469500 0.423333 0.498500 0.426667 0.501500
6 0.474444 0.536000 0.521111 0.539000 0.530000 0.536000 0.530000 0.504000 0.422222 0.502000 0.418889 0.509000 0.417778 0.536000 0.474444 0.536000
6 0.435556 0.569500 0.517778 0.572500 0.522222 0.570500 0.525556 0.564500 0.525556 0.539500 0.522222 0.538500 0.458889 0.536500 0.436667 0.538000 0.417778 0.536000 0.413333 0.549000 0.412222 0.564000 0.435556 0.569500
6 0.514444 0.606000 0.521111 0.574000 0.508889 0.571500 0.456667 0.571500 0.452222 0.569500 0.423333 0.574000 0.411111 0.574000 0.410000 0.605000 0.514444 0.606000
6 0.407778 0.641500 0.445556 0.643000 0.514444 0.640000 0.515556 0.611500 0.512222 0.608500 0.452222 0.606500 0.442222 0.608000 0.411111 0.607000 0.405556 0.609000 0.403333 0.636000 0.407778 0.641500
6 0.407778 0.678500 0.458889 0.675000 0.483333 0.677000 0.511111 0.676500 0.513333 0.675000 0.512222 0.642500 0.453333 0.639500 0.441111 0.642000 0.426667 0.640500 0.408889 0.645000 0.403333 0.651000 0.402222 0.675500 0.407778 0.678500
6 0.404444 0.713500 0.437778 0.711000 0.506667 0.710500 0.514444 0.708000 0.511111 0.676000 0.494444 0.677500 0.454444 0.676500 0.403333 0.680000 0.401111 0.686500 0.400000 0.711000 0.404444 0.713500
6 0.424444 0.749000 0.435556 0.745500 0.465556 0.744000 0.508889 0.746500 0.513333 0.735000 0.511111 0.711500 0.424444 0.712000 0.402222 0.714500 0.398889 0.718000 0.398889 0.748000 0.424444 0.749000
6 0.461111 0.783000 0.504444 0.779500 0.510000 0.752500 0.507778 0.746000 0.496667 0.748000 0.455556 0.744500 0.416667 0.750000 0.398889 0.749000 0.395556 0.752500 0.396667 0.785000 0.461111 0.783000
6 0.546667 0.472000 0.590000 0.475000 0.604444 0.473500 0.627778 0.474500 0.646667 0.479500 0.653333 0.470500 0.651111 0.445000 0.556667 0.439500 0.541111 0.442500 0.542222 0.467500 0.546667 0.472000
6 0.545556 0.504000 0.573333 0.507000 0.600000 0.505000 0.623333 0.507000 0.645556 0.505000 0.646667 0.476500 0.615556 0.474000 0.578889 0.475000 0.556667 0.472500 0.545556 0.472500 0.542222 0.475500 0.541111 0.500500 0.545556 0.504000
6 0.644444 0.540500 0.646667 0.506500 0.547778 0.506000 0.540000 0.507500 0.543333 0.539500 0.644444 0.540500
6 0.537778 0.572000 0.602222 0.574500 0.640000 0.573000 0.644444 0.567500 0.643333 0.541500 0.544444 0.539500 0.538889 0.541000 0.535556 0.546500 0.534444 0.569500 0.537778 0.572000
6 0.530000 0.604000 0.536667 0.606500 0.630000 0.607500 0.638889 0.606000 0.642222 0.577500 0.637778 0.574000 0.533333 0.572000 0.527778 0.586500 0.526667 0.599000 0.530000 0.604000
6 0.667778 0.485000 0.727778 0.474000 0.755556 0.472000 0.754444 0.453000 0.661111 0.445000 0.654444 0.446000 0.654444 0.485500 0.667778 0.485000
6 0.528889 0.640500 0.553333 0.641000 0.562222 0.635500 0.594444 0.640500 0.631111 0.640000 0.628889 0.610500 0.525556 0.609500 0.523333 0.615000 0.528889 0.640500
6 0.522222 0.676000 0.528889 0.678500 0.601111 0.679000 0.633333 0.674000 0.634444 0.655500 0.628889 0.642500 0.560000 0.639500 0.525556 0.643000 0.521111 0.645000 0.520000 0.671500 0.522222 0.676000
6 0.530000 0.711500 0.565556 0.709000 0.581111 0.710500 0.631111 0.709000 0.633333 0.678500 0.630000 0.677000 0.523333 0.680000 0.524444 0.707000 0.530000 0.711500
6 0.526667 0.747500 0.554444 0.746000 0.593333 0.747000 0.628889 0.743500 0.632222 0.713500 0.625556 0.710500 0.522222 0.713500 0.521111 0.736000 0.526667 0.747500
6 0.524444 0.780500 0.630000 0.780000 0.632222 0.748500 0.628889 0.744500 0.602222 0.747500 0.556667 0.746500 0.546667 0.744500 0.521111 0.747500 0.521111 0.777500 0.524444 0.780500
6 0.736667 0.776000 0.738889 0.750000 0.735556 0.744500 0.676667 0.744000 0.635556 0.748500 0.635556 0.781500 0.736667 0.776000
6 0.657778 0.746500 0.694444 0.742000 0.737778 0.742500 0.740000 0.717500 0.736667 0.709500 0.663333 0.709000 0.635556 0.713500 0.637778 0.746500 0.657778 0.746500
6 0.737778 0.708000 0.740000 0.694500 0.735556 0.680500 0.713333 0.675000 0.700000 0.674500 0.636667 0.678500 0.636667 0.711500 0.737778 0.708000
6 0.654444 0.677500 0.698889 0.672500 0.698889 0.669500 0.683333 0.663000 0.660000 0.646000 0.636667 0.640000 0.637778 0.677000 0.654444 0.677500
6 0.725556 0.430000 0.743333 0.430000 0.760000 0.407000 0.766667 0.383000 0.793333 0.339500 0.825556 0.267500 0.816667 0.256500 0.806667 0.256000 0.804444 0.257500 0.783333 0.251500 0.765556 0.250000 0.751111 0.251500 0.678889 0.406000 0.682222 0.422500 0.725556 0.430000
6 0.553376 0.242129 0.472128 0.417922 0.505817 0.406767 0.588054 0.419260 0.676238 0.236775 0.591522 0.226280 0.553376 0.242129
6 0.582110 0.414798 0.677229 0.425060 0.759468 0.248822 0.673266 0.238318 0.582110 0.414798
6 0.751541 0.434876 0.825852 0.443354 0.907100 0.266669 0.833779 0.260389 0.751541 0.434876
6 0.829816 0.440676 0.908091 0.449153 0.987357 0.277377 0.909577 0.263733 0.829816 0.440676
6 0.739651 0.678109 0.876384 0.678555 0.859541 0.477331 0.720826 0.479089 0.739651 0.678109
6 0.876384 0.677663 0.998256 0.674093 0.995283 0.475546 0.860531 0.477082 0.876384 0.677663
