6 0.077333 0.282000 0.458667 0.268000 0.466667 0.240000 0.456000 0.076000 0.424000 0.056000 0.256000 0.066000 0.245333 0.074000 0.197333 0.068000 0.056000 0.080000 0.042667 0.094000 0.053333 0.240000 0.077333 0.282000
6 0.450667 0.202000 0.477333 0.212000 0.480000 0.256000 0.498667 0.274000 0.626667 0.262000 0.640000 0.270000 0.722667 0.264000 0.853333 0.276000 0.866667 0.222000 0.882667 0.202000 0.885333 0.160000 0.877333 0.112000 0.858667 0.088000 0.770667 0.072000 0.517333 0.056000 0.482667 0.056000 0.466667 0.076000 0.469333 0.162000 0.450667 0.202000
6 0.093333 0.446000 0.114667 0.470000 0.477333 0.464000 0.469333 0.280000 0.077333 0.288000 0.080000 0.390000 0.093333 0.446000
6 0.493333 0.466000 0.850667 0.464000 0.864000 0.418000 0.858667 0.396000 0.866667 0.392000 0.869333 0.308000 0.861333 0.292000 0.738667 0.280000 0.493333 0.286000 0.485333 0.292000 0.493333 0.466000
6 0.136000 0.650000 0.488000 0.636000 0.482667 0.474000 0.101333 0.486000 0.106667 0.564000 0.136000 0.650000
6 0.506667 0.650000 0.640000 0.638000 0.829333 0.642000 0.856000 0.636000 0.858667 0.472000 0.669333 0.466000 0.493333 0.474000 0.493333 0.596000 0.506667 0.650000
6 0.138667 0.710000 0.154667 0.786000 0.168000 0.804000 0.440000 0.800000 0.458667 0.798000 0.466667 0.784000 0.496000 0.774000 0.493333 0.658000 0.485333 0.646000 0.144000 0.662000 0.136000 0.666000 0.138667 0.710000
6 0.520000 0.802000 0.840000 0.788000 0.858667 0.668000 0.850667 0.646000 0.594667 0.644000 0.509333 0.656000 0.506667 0.748000 0.520000 0.802000
6 0.165333 0.928000 0.184000 0.936000 0.426667 0.942000 0.485333 0.938000 0.490667 0.932000 0.498667 0.838000 0.469333 0.810000 0.154667 0.814000 0.160000 0.914000 0.165333 0.928000
6 0.712000 0.924000 0.786667 0.926000 0.810667 0.918000 0.818667 0.900000 0.834667 0.800000 0.722667 0.796000 0.565333 0.806000 0.536000 0.812000 0.509333 0.846000 0.509333 0.938000 0.712000 0.924000
6 0.830264 0.463282 0.841560 0.292514 0.636616 0.283814 0.639845 0.466916 0.830264 0.463282
6 0.481699 0.468126 0.472016 0.285248 0.278368 0.287446 0.291277 0.474182 0.481699 0.468126
6 0.849629 0.269504 0.851243 0.086624 0.660824 0.065962 0.662437 0.268292 0.849629 0.269504
6 0.068584 0.064824 0.086333 0.271926 0.286437 0.269504 0.278368 0.065962 0.068584 0.064824
6 0.492995 0.463282 0.667277 0.457226 0.683416 0.279192 0.498643 0.282000 0.492995 0.463282
6 0.120224 0.470548 0.310643 0.464492 0.310643 0.281614 0.099245 0.291076 0.120224 0.470548
6 0.126677 0.648454 0.492995 0.638766 0.486539 0.543088 0.111347 0.559762 0.126677 0.648454
6 0.105699 0.567310 0.481699 0.567310 0.486539 0.471632 0.104085 0.485330 0.105699 0.567310
6 0.851243 0.568522 0.854469 0.475266 0.510747 0.478068 0.505904 0.572154 0.851243 0.568522
6 0.844869 0.638800 0.848096 0.545544 0.504371 0.548346 0.499531 0.642432 0.844869 0.638800
6 0.489499 0.807022 0.492725 0.713766 0.149003 0.716568 0.144160 0.810656 0.489499 0.807022
6 0.494096 0.747450 0.497323 0.654194 0.153597 0.656998 0.148757 0.751084 0.494096 0.747450
6 0.487363 0.935494 0.491091 0.879112 0.147365 0.881914 0.165163 0.930414 0.487363 0.935494
6 0.800088 0.919236 0.816333 0.866404 0.523917 0.872500 0.519413 0.924558 0.800088 0.919236
