6 0.587213 0.309734 0.595579 0.310199 0.623815 0.311129 0.628928 0.311594 0.629883 0.306641 0.630788 0.294385 0.626953 0.294271 0.591745 0.291904 0.587793 0.292059 0.587445 0.307718 0.587213 0.309734
6 0.543178 0.308956 0.551544 0.309421 0.579781 0.310352 0.584894 0.310817 0.585848 0.305863 0.586753 0.293607 0.582918 0.293493 0.547710 0.291127 0.543759 0.291282 0.543411 0.306941 0.543178 0.308956
6 0.543522 0.327718 0.584656 0.329734 0.585470 0.312189 0.543638 0.309424 0.543522 0.327718
6 0.586399 0.328493 0.628120 0.330816 0.628933 0.313271 0.587097 0.310664 0.586399 0.328493
6 0.542458 0.345910 0.583736 0.348178 0.584550 0.330633 0.542713 0.328026 0.542458 0.345910
6 0.541458 0.363319 0.583178 0.365642 0.583991 0.348097 0.542155 0.345490 0.541458 0.363319
6 0.541461 0.381792 0.583182 0.384115 0.583995 0.366570 0.542159 0.363963 0.541461 0.381792
6 0.540557 0.400568 0.582278 0.402891 0.583091 0.385346 0.541254 0.382738 0.540557 0.400568
6 0.585057 0.346952 0.626777 0.349275 0.627590 0.331730 0.585754 0.329122 0.585057 0.346952
6 0.585061 0.364819 0.626781 0.367142 0.627594 0.349597 0.585758 0.346990 0.585061 0.364819
6 0.583475 0.384503 0.625195 0.386827 0.626009 0.369281 0.584172 0.366674 0.583475 0.384503
6 0.583025 0.402673 0.624746 0.404997 0.625559 0.387452 0.583722 0.384844 0.583025 0.402673
6 0.582802 0.419026 0.624522 0.421349 0.625335 0.403804 0.583499 0.401197 0.582802 0.419026
6 0.539445 0.418719 0.581166 0.421043 0.581979 0.403497 0.540143 0.400890 0.539445 0.418719
6 0.581674 0.435678 0.623395 0.438001 0.624208 0.420456 0.582372 0.417849 0.581674 0.435678
6 0.539680 0.434463 0.581400 0.436786 0.582214 0.419241 0.540377 0.416633 0.539680 0.434463
6 0.629633 0.320727 0.667318 0.321333 0.667091 0.306491 0.630996 0.304976 0.629633 0.320727
6 0.628275 0.337988 0.665960 0.338594 0.665733 0.323752 0.629637 0.322238 0.628275 0.337988
6 0.627598 0.355552 0.665283 0.356158 0.665056 0.341316 0.628960 0.339802 0.627598 0.355552
6 0.627151 0.372810 0.664836 0.373416 0.664609 0.358574 0.628514 0.357059 0.627151 0.372810
6 0.626021 0.389768 0.663706 0.390374 0.663479 0.375533 0.627382 0.374018 0.626021 0.389768
6 0.625343 0.407030 0.663028 0.407635 0.662801 0.392794 0.626705 0.391279 0.625343 0.407030
6 0.624666 0.424594 0.662351 0.425200 0.662124 0.410358 0.626028 0.408844 0.624666 0.424594
6 0.664633 0.373091 0.706827 0.373726 0.707281 0.359187 0.665995 0.357340 0.664633 0.373091
6 0.666680 0.355822 0.708874 0.356458 0.709328 0.341919 0.668042 0.340072 0.666680 0.355822
6 0.666440 0.392811 0.680111 0.393314 0.680206 0.388408 0.685297 0.387905 0.707736 0.382370 0.707548 0.377212 0.666110 0.376253 0.666440 0.392811
6 0.665875 0.409794 0.679451 0.411051 0.679734 0.393943 0.666535 0.394166 0.665875 0.409794
6 0.666212 0.425959 0.679875 0.426187 0.680071 0.410109 0.666872 0.410332 0.666212 0.425959
6 0.666771 0.438512 0.680064 0.439015 0.680314 0.426904 0.667115 0.427127 0.666771 0.438512
6 0.771234 0.296102 0.790938 0.296294 0.790685 0.280955 0.770826 0.281517 0.771234 0.296102
6 0.768925 0.311535 0.788628 0.311727 0.788375 0.296388 0.768516 0.296949 0.768925 0.311535
6 0.789103 0.311628 0.807099 0.311827 0.807460 0.297452 0.788694 0.297042 0.789103 0.311628
6 0.786721 0.326482 0.804717 0.326681 0.805079 0.312306 0.786312 0.311896 0.786721 0.326482
6 0.766173 0.325851 0.784547 0.326484 0.784909 0.312110 0.766028 0.312055 0.766173 0.325851
6 0.763879 0.341236 0.781876 0.341435 0.782237 0.327060 0.763471 0.326650 0.763879 0.341236
6 0.784347 0.340943 0.802343 0.341142 0.802705 0.326768 0.783938 0.326357 0.784347 0.340943
6 0.815772 0.313202 0.869286 0.315037 0.870036 0.290848 0.857879 0.290546 0.816593 0.288699 0.815772 0.313202
6 0.817786 0.338901 0.871300 0.340736 0.872050 0.316547 0.859893 0.316245 0.818607 0.314398 0.817786 0.338901
6 0.817268 0.364732 0.870844 0.367840 0.871594 0.343650 0.859437 0.343348 0.818151 0.341502 0.817268 0.364732
6 0.815765 0.389104 0.869278 0.390939 0.870029 0.366750 0.857872 0.366449 0.816585 0.364602 0.815765 0.389104
6 0.816543 0.418112 0.870058 0.419947 0.870808 0.395758 0.858651 0.395456 0.817365 0.393609 0.816543 0.418112
6 0.816671 0.442776 0.870185 0.444611 0.870936 0.420422 0.858778 0.420120 0.817492 0.418273 0.816671 0.442776
6 0.754228 0.370061 0.806324 0.383007 0.809096 0.359273 0.796505 0.355266 0.757231 0.346327 0.754228 0.370061
6 0.754080 0.414451 0.807593 0.416285 0.808343 0.392096 0.796187 0.391794 0.754900 0.389948 0.754080 0.414451
6 0.752345 0.439042 0.805859 0.440877 0.806609 0.416688 0.794452 0.416386 0.753166 0.414539 0.752345 0.439042
6 0.745121 0.324863 0.757674 0.325635 0.762019 0.305666 0.746811 0.304234 0.745121 0.324863
6 0.744638 0.348568 0.757288 0.341225 0.760596 0.326425 0.745388 0.324994 0.744638 0.348568
