2 0.216755 0.287750 0.262855 0.292000 0.265071 0.289750 0.266401 0.284000 0.266844 0.273750 0.260638 0.268750 0.248227 0.265750 0.229610 0.265000 0.216755 0.268250 0.214982 0.272500 0.214539 0.280750 0.216755 0.287750
2 0.209663 0.320500 0.250887 0.320250 0.255319 0.318500 0.257535 0.295500 0.254433 0.291750 0.239805 0.289500 0.219858 0.289000 0.209220 0.291500 0.207004 0.293750 0.206117 0.316250 0.209663 0.320500
2 0.283379 0.282604 0.288425 0.279007 0.320560 0.278557 0.320826 0.256673 0.316311 0.254724 0.293205 0.251577 0.269834 0.255324 0.268771 0.291897 0.283644 0.289468 0.283379 0.282604
2 0.268771 0.320526 0.282582 0.320826 0.284441 0.290098 0.274348 0.289949 0.268506 0.292614 0.268771 0.320526
2 0.337823 0.319777 0.338355 0.282004 0.310734 0.278407 0.286566 0.280056 0.282316 0.283953 0.282847 0.319576 0.312593 0.317079 0.337823 0.319777
2 0.370225 0.276908 0.378457 0.278107 0.374739 0.255324 0.351633 0.250528 0.331184 0.252476 0.322950 0.255174 0.325473 0.279807 0.347915 0.277957 0.370225 0.276908
2 0.433511 0.275000 0.435284 0.276500 0.442376 0.277250 0.449025 0.279750 0.463652 0.278250 0.478723 0.278500 0.480496 0.276000 0.480053 0.256750 0.477394 0.251000 0.460993 0.248500 0.447252 0.249000 0.436613 0.251500 0.432624 0.255000 0.431738 0.264250 0.433511 0.275000
2 0.379876 0.277250 0.396720 0.278500 0.426862 0.275500 0.429078 0.258500 0.425089 0.253750 0.415780 0.250750 0.395833 0.249500 0.381649 0.251750 0.378103 0.254750 0.378103 0.275250 0.379876 0.277250
2 0.340869 0.319000 0.343528 0.319500 0.357270 0.318000 0.388741 0.319000 0.392730 0.318250 0.394504 0.315250 0.394947 0.292750 0.394060 0.286250 0.388298 0.279750 0.374557 0.277500 0.350621 0.278500 0.341755 0.280250 0.339539 0.285000 0.339096 0.308000 0.340869 0.319000
2 0.405585 0.318250 0.420656 0.316750 0.438830 0.318750 0.449911 0.317750 0.451241 0.316250 0.451684 0.287250 0.449025 0.281500 0.442376 0.278750 0.428635 0.276750 0.395390 0.279250 0.398050 0.317500 0.405585 0.318250
2 0.453901 0.315500 0.456117 0.317250 0.459663 0.317750 0.476950 0.316250 0.479167 0.315250 0.480053 0.310750 0.480176 0.288600 0.477255 0.286201 0.471147 0.286351 0.458664 0.285152 0.452556 0.285602 0.452128 0.308750 0.453901 0.315500
2 0.875443 0.305500 0.877660 0.309250 0.891401 0.310000 0.902482 0.308000 0.909131 0.309250 0.924202 0.307500 0.943706 0.307250 0.945922 0.303500 0.941489 0.267750 0.937500 0.264000 0.925975 0.261000 0.906472 0.260750 0.896720 0.261750 0.890071 0.264000 0.886525 0.263250 0.875443 0.265750 0.873670 0.268000 0.873227 0.286750 0.875443 0.305500
2 0.804521 0.304750 0.807181 0.311250 0.840869 0.311250 0.855496 0.308000 0.863032 0.308250 0.873227 0.306750 0.874557 0.303750 0.870567 0.269500 0.867908 0.265500 0.864805 0.263750 0.845301 0.262250 0.842642 0.263000 0.829344 0.262750 0.815160 0.265250 0.802305 0.271750 0.801418 0.279250 0.804521 0.304750
2 0.731383 0.306500 0.734486 0.311250 0.736702 0.312000 0.740691 0.311250 0.752216 0.311750 0.765514 0.311000 0.769504 0.309500 0.778369 0.311250 0.802305 0.310500 0.802305 0.293000 0.799202 0.272250 0.789450 0.265750 0.776152 0.264500 0.757979 0.265750 0.734929 0.271750 0.730940 0.275250 0.729610 0.291250 0.731383 0.306500
2 0.667996 0.314000 0.682181 0.314750 0.706560 0.314250 0.721188 0.311750 0.722518 0.309500 0.722074 0.292000 0.720745 0.287500 0.718085 0.285500 0.703901 0.282750 0.687943 0.282250 0.665780 0.286500 0.665780 0.307750 0.667996 0.314000
2 0.722961 0.261000 0.730940 0.272000 0.754876 0.265750 0.774823 0.263750 0.783245 0.264250 0.786348 0.262500 0.783688 0.242250 0.781915 0.239750 0.776596 0.237250 0.759309 0.235000 0.748227 0.235750 0.734929 0.237750 0.725177 0.241500 0.720745 0.244750 0.720301 0.250750 0.722961 0.261000
2 0.789007 0.262500 0.791223 0.266000 0.800089 0.270000 0.803635 0.270000 0.812943 0.264500 0.828901 0.262000 0.833333 0.260250 0.834220 0.243750 0.831117 0.232500 0.808511 0.234250 0.792996 0.238750 0.787677 0.243750 0.787234 0.253750 0.789007 0.262500
2 0.835106 0.258750 0.837323 0.260500 0.841755 0.260000 0.866135 0.263000 0.872340 0.262000 0.877216 0.263000 0.891401 0.262000 0.892730 0.261000 0.903369 0.259250 0.902926 0.223750 0.900709 0.220500 0.897163 0.218500 0.876773 0.215500 0.858156 0.216750 0.841755 0.221000 0.837766 0.222750 0.833777 0.227000 0.834220 0.251500 0.835106 0.258750
