2 0.432332 0.482584 0.431783 0.477104 0.416551 0.477001 0.417854 0.486085 0.429450 0.486100 0.432332 0.482584
2 0.411748 0.498610 0.418197 0.498507 0.417511 0.486410 0.411062 0.486705 0.411748 0.498610
2 0.425882 0.498197 0.426019 0.495198 0.428352 0.495095 0.428078 0.485686 0.417648 0.486860 0.418197 0.498507 0.425882 0.498197
2 0.450994 0.494681 0.450583 0.485376 0.434939 0.485930 0.435076 0.495405 0.450994 0.494681
2 0.452778 0.494371 0.469108 0.493130 0.469794 0.484238 0.450994 0.485155 0.452778 0.494371
2 0.471990 0.493440 0.488594 0.493440 0.489555 0.483618 0.472402 0.484070 0.471990 0.493440
2 0.492299 0.493027 0.509178 0.492613 0.508629 0.482687 0.490927 0.482830 0.492299 0.493027
2 0.413257 0.511327 0.421216 0.512465 0.426980 0.511121 0.426156 0.501608 0.426980 0.500058 0.419844 0.499954 0.412708 0.501273 0.413257 0.511327
2 0.393634 0.514429 0.409689 0.513706 0.409278 0.503573 0.393565 0.504063 0.393634 0.514429
2 0.393497 0.523631 0.409964 0.523528 0.410101 0.514326 0.393153 0.514602 0.393497 0.523631
2 0.409003 0.523528 0.427254 0.522907 0.427529 0.513292 0.411062 0.513827 0.409003 0.523528
2 0.426705 0.522804 0.456758 0.521046 0.454700 0.494991 0.426294 0.496004 0.426705 0.522804
