1 0.441569 0.784804 0.442546 0.786520 0.480632 0.793505 0.508789 0.792770 0.510905 0.792034 0.513184 0.789951 0.512695 0.771814 0.511719 0.769118 0.510254 0.768260 0.442546 0.764461 0.440104 0.770588 0.439941 0.776471 0.441569 0.784804
1 0.440430 0.765564 0.442546 0.768260 0.445964 0.768995 0.473470 0.769975 0.501953 0.769975 0.508626 0.769118 0.511068 0.765686 0.510742 0.744730 0.508626 0.743260 0.442546 0.745343 0.439941 0.748162 0.439290 0.762132 0.440430 0.765564
1 0.444173 0.741544 0.445964 0.743750 0.508626 0.742402 0.513184 0.739583 0.514811 0.737745 0.514160 0.716912 0.512207 0.715931 0.445475 0.718382 0.443359 0.718995 0.442708 0.719975 0.443197 0.737990 0.444173 0.741544
1 0.442546 0.717402 0.443359 0.718260 0.445964 0.718995 0.480794 0.720956 0.512044 0.716176 0.514811 0.713480 0.514486 0.702819 0.512370 0.701103 0.488281 0.701225 0.446126 0.704289 0.442708 0.705637 0.442057 0.706373 0.442546 0.717402
1 0.512533 0.790931 0.515299 0.792402 0.523926 0.792770 0.546387 0.789828 0.548177 0.775613 0.547038 0.744240 0.545410 0.741176 0.543457 0.739951 0.518717 0.739951 0.515625 0.740686 0.512044 0.744730 0.511719 0.789828 0.512533 0.790931
1 0.407878 0.384436 0.442708 0.384191 0.453288 0.383456 0.456055 0.381985 0.457194 0.380025 0.460124 0.366299 0.460124 0.360662 0.459310 0.360172 0.407878 0.357353 0.406087 0.369363 0.405924 0.377328 0.407878 0.384436
1 0.406250 0.404534 0.407878 0.406373 0.443034 0.405270 0.449707 0.403431 0.453125 0.401348 0.454590 0.390931 0.454427 0.383578 0.453288 0.382843 0.407878 0.382475 0.405273 0.388971 0.404948 0.392157 0.406250 0.404534
1 0.405599 0.434314 0.407552 0.435417 0.452962 0.430392 0.453776 0.429044 0.456217 0.411642 0.455566 0.408946 0.453451 0.407353 0.407878 0.406618 0.405924 0.409559 0.404134 0.423407 0.404622 0.432598 0.405599 0.434314
1 0.407878 0.447181 0.443685 0.447426 0.449870 0.447059 0.453125 0.445588 0.454102 0.435662 0.452962 0.431863 0.428385 0.431618 0.407878 0.434191 0.405924 0.437745 0.406738 0.446201 0.407878 0.447181
1 0.619629 0.412990 0.620117 0.414216 0.621582 0.414951 0.662598 0.415196 0.713704 0.413358 0.715495 0.411520 0.716309 0.401225 0.716146 0.390074 0.714844 0.383456 0.713542 0.381985 0.689779 0.380147 0.675293 0.379902 0.647298 0.380270 0.626628 0.381985 0.621908 0.383578 0.619629 0.388113 0.618815 0.393382 0.618652 0.401961 0.619629 0.412990
1 0.579915 0.179167 0.581217 0.189093 0.584961 0.191667 0.595703 0.191422 0.672038 0.182966 0.682129 0.180270 0.683594 0.178922 0.674805 0.147304 0.673503 0.144485 0.671875 0.143505 0.661621 0.143873 0.581380 0.154534 0.578613 0.157843 0.579915 0.179167
1 0.713379 0.195956 0.716634 0.197549 0.727214 0.197181 0.807129 0.191176 0.810710 0.189461 0.808105 0.161520 0.806152 0.158456 0.803711 0.157108 0.784831 0.157108 0.727376 0.161642 0.716471 0.163113 0.713216 0.164583 0.712728 0.166054 0.712728 0.189216 0.713379 0.195956
1 0.596029 0.224387 0.597168 0.228309 0.598958 0.230147 0.692708 0.222426 0.694661 0.220588 0.694824 0.216422 0.690755 0.185784 0.689290 0.183088 0.686361 0.182108 0.682129 0.181863 0.653971 0.184436 0.612793 0.189216 0.596191 0.192647 0.594076 0.194240 0.593424 0.195588 0.593262 0.199632 0.596029 0.224387
1 0.598145 0.265564 0.599121 0.266422 0.603353 0.266789 0.672526 0.265564 0.693034 0.264461 0.695964 0.263480 0.697428 0.262132 0.697591 0.254657 0.693848 0.223897 0.692708 0.222917 0.689779 0.222059 0.686198 0.221446 0.680176 0.221691 0.612793 0.227083 0.602702 0.229534 0.599609 0.230882 0.597493 0.234314 0.597331 0.240319 0.597331 0.260417 0.598145 0.265564
1 0.723470 0.220343 0.726074 0.227451 0.728353 0.229167 0.731608 0.230270 0.734212 0.230760 0.748861 0.230515 0.800618 0.227941 0.810547 0.226225 0.812663 0.224020 0.814290 0.217525 0.815918 0.200000 0.815755 0.195833 0.814128 0.193505 0.810872 0.192770 0.804850 0.192525 0.775879 0.193260 0.734863 0.196201 0.730306 0.196936 0.722982 0.199510 0.722819 0.217034 0.723470 0.220343
0 0.232910 0.522549 0.230957 0.525980 0.232096 0.528431 0.231445 0.544118 0.231608 0.547059 0.232422 0.548652 0.234375 0.550368 0.241048 0.551103 0.262858 0.551471 0.270182 0.550490 0.273275 0.547549 0.273763 0.544975 0.272461 0.524265 0.273438 0.512132 0.273275 0.504657 0.272298 0.500735 0.269531 0.499020 0.265625 0.498284 0.263509 0.498529 0.259115 0.497917 0.251628 0.497794 0.241699 0.498652 0.237793 0.498407 0.235840 0.499387 0.234375 0.501471 0.234375 0.512868 0.232910 0.522549
0 0.426758 0.533578 0.428711 0.536275 0.468913 0.536029 0.480632 0.537010 0.491699 0.536397 0.498535 0.536887 0.502279 0.534559 0.503255 0.533088 0.504720 0.523039 0.503255 0.519118 0.501628 0.518382 0.492676 0.518137 0.484375 0.515319 0.466797 0.513725 0.449562 0.514828 0.442546 0.514951 0.435710 0.514461 0.429688 0.516176 0.427083 0.518627 0.426270 0.521446 0.425293 0.526103 0.426758 0.533578
0 0.428711 0.542279 0.428385 0.543995 0.429850 0.553676 0.432129 0.555637 0.486816 0.556740 0.491536 0.557353 0.495117 0.555025 0.495768 0.553922 0.493652 0.550613 0.494466 0.548775 0.496582 0.548407 0.497233 0.547426 0.499023 0.547426 0.499512 0.548162 0.501628 0.548407 0.502767 0.546936 0.503092 0.539706 0.501628 0.538113 0.499674 0.539093 0.498535 0.541789 0.497721 0.541789 0.496582 0.539461 0.495280 0.538358 0.491374 0.537500 0.485189 0.537990 0.477376 0.537745 0.470540 0.538725 0.466146 0.537990 0.463704 0.536275 0.460612 0.537500 0.456217 0.537500 0.452474 0.537132 0.450195 0.536275 0.448079 0.536397 0.446452 0.537132 0.442871 0.535907 0.434082 0.536275 0.430827 0.537500 0.430664 0.539828 0.428711 0.542279
0 0.433268 0.572794 0.439128 0.573652 0.442708 0.573162 0.445964 0.574265 0.450521 0.574142 0.452311 0.574632 0.459798 0.573407 0.487793 0.576593 0.491048 0.575858 0.494792 0.575735 0.497070 0.574510 0.500488 0.564461 0.500000 0.557230 0.498047 0.556618 0.495117 0.557475 0.491536 0.555515 0.487793 0.554412 0.486328 0.554657 0.473958 0.552696 0.459961 0.552083 0.457357 0.553431 0.455241 0.553431 0.452799 0.552574 0.449707 0.554289 0.445801 0.554044 0.437337 0.555147 0.434570 0.555147 0.432129 0.554167 0.429525 0.556985 0.429036 0.560784 0.428874 0.571201 0.433268 0.572794
0 0.449219 0.594730 0.443034 0.595588 0.430664 0.595711 0.428711 0.594853 0.428874 0.602451 0.430176 0.609314 0.432292 0.610417 0.443522 0.609436 0.450521 0.610539 0.463867 0.608211 0.466960 0.609804 0.481283 0.610907 0.485514 0.609191 0.487956 0.609069 0.490397 0.607475 0.491211 0.605637 0.491048 0.599020 0.487793 0.593627 0.486979 0.595221 0.484375 0.596324 0.473796 0.595343 0.470378 0.593627 0.467285 0.594118 0.459798 0.593873 0.456217 0.595098 0.449219 0.594730
0 0.428711 0.596324 0.431478 0.596691 0.439779 0.596446 0.445638 0.595466 0.449707 0.596078 0.454753 0.594118 0.457520 0.593627 0.458822 0.592525 0.468750 0.593137 0.470703 0.593750 0.473796 0.595956 0.477051 0.595588 0.480306 0.596324 0.483887 0.595956 0.487793 0.596569 0.489095 0.595466 0.490885 0.581005 0.490072 0.578064 0.487793 0.576225 0.483398 0.575980 0.477539 0.574632 0.470215 0.575245 0.466471 0.574387 0.463704 0.575123 0.458984 0.575368 0.433757 0.574387 0.428711 0.573284 0.427246 0.578064 0.426921 0.591912 0.428711 0.596324
0 0.622396 0.425123 0.623372 0.428554 0.622396 0.432475 0.624023 0.443382 0.625000 0.445221 0.626302 0.446201 0.630534 0.446324 0.635254 0.445588 0.640462 0.446078 0.650391 0.445588 0.654460 0.445956 0.657552 0.446814 0.666504 0.446201 0.706543 0.446691 0.716146 0.446078 0.717122 0.445711 0.718587 0.443750 0.718913 0.418382 0.716471 0.416054 0.714518 0.415686 0.695801 0.415441 0.645589 0.416054 0.640137 0.415564 0.634928 0.416422 0.626465 0.416789 0.623861 0.418260 0.623535 0.422549 0.622396 0.425123
0 0.456706 0.390564 0.458984 0.393627 0.460286 0.397917 0.463216 0.399632 0.464030 0.398897 0.464844 0.396446 0.467448 0.395466 0.469401 0.393260 0.472819 0.391422 0.480306 0.389951 0.484538 0.391176 0.491211 0.389461 0.493164 0.373039 0.493490 0.348529 0.492350 0.345711 0.493327 0.342279 0.492676 0.341299 0.480794 0.338480 0.476562 0.338725 0.466960 0.337255 0.465820 0.337990 0.463867 0.353554 0.457520 0.377083 0.456217 0.383578 0.456706 0.390564
0 0.408040 0.341544 0.408691 0.347794 0.408691 0.353309 0.408040 0.356373 0.409017 0.359559 0.410970 0.361152 0.416504 0.358824 0.420898 0.358456 0.429036 0.359191 0.438639 0.361029 0.444173 0.359681 0.459961 0.360049 0.463542 0.351838 0.464844 0.346201 0.465169 0.338358 0.462891 0.335907 0.459961 0.334804 0.450684 0.334436 0.423991 0.334559 0.414225 0.333701 0.411458 0.332598 0.407064 0.334559 0.406901 0.337745 0.408040 0.341544
0 0.296712 0.314216 0.297689 0.315931 0.299967 0.317157 0.323893 0.317892 0.327637 0.318750 0.339518 0.318382 0.341797 0.318995 0.345703 0.318015 0.348958 0.317892 0.353027 0.319118 0.355794 0.318873 0.359049 0.317402 0.362793 0.318015 0.375163 0.316789 0.376953 0.316054 0.377930 0.314338 0.375163 0.310907 0.373535 0.307230 0.371257 0.305515 0.368978 0.300490 0.365560 0.299265 0.344076 0.297794 0.341960 0.297059 0.304362 0.295956 0.301758 0.296691 0.300293 0.297917 0.298665 0.303676 0.298014 0.310417 0.296712 0.314216
0 0.728353 0.240564 0.728027 0.251716 0.729167 0.261520 0.730957 0.263113 0.736165 0.263848 0.744954 0.263971 0.763021 0.262868 0.786621 0.262377 0.798665 0.261642 0.804036 0.260662 0.808105 0.260539 0.810710 0.261397 0.811198 0.260784 0.813314 0.255270 0.813477 0.230760 0.812500 0.228799 0.810872 0.227696 0.806478 0.227696 0.798503 0.228799 0.768880 0.229534 0.746582 0.231127 0.737142 0.231373 0.734049 0.230760 0.730957 0.231373 0.728353 0.234559 0.727376 0.237745 0.728353 0.240564
