1 0.546549 0.408946 0.555501 0.410417 0.587240 0.414461 0.630208 0.415809 0.664876 0.416176 0.668294 0.414951 0.669922 0.411152 0.671712 0.397426 0.667969 0.396201 0.616862 0.392279 0.550944 0.388971 0.547038 0.389461 0.546061 0.390441 0.545736 0.392525 0.544434 0.407843 0.546549 0.408946
1 0.539876 0.429412 0.542155 0.430270 0.568034 0.432966 0.609538 0.433088 0.630208 0.432475 0.635417 0.430637 0.671460 0.429318 0.673969 0.420622 0.673467 0.416841 0.637207 0.417770 0.612793 0.415074 0.547038 0.409559 0.543457 0.409926 0.539876 0.414951 0.539551 0.427941 0.539876 0.429412
1 0.540365 0.449632 0.546387 0.451348 0.573893 0.454779 0.651693 0.455392 0.657878 0.454044 0.661621 0.450735 0.665202 0.446569 0.667155 0.439338 0.666016 0.436152 0.664714 0.434804 0.545573 0.429902 0.541178 0.430515 0.539714 0.432230 0.539062 0.443750 0.540365 0.449632
1 0.532878 0.470466 0.553711 0.472794 0.567708 0.473652 0.591960 0.473775 0.619303 0.468627 0.623047 0.466912 0.622396 0.462745 0.611328 0.457721 0.536621 0.450613 0.533040 0.451348 0.532389 0.452206 0.529460 0.462623 0.530436 0.468137 0.532878 0.470466
1 0.529460 0.485539 0.532878 0.487010 0.564453 0.490319 0.588704 0.488235 0.591797 0.487132 0.592936 0.484681 0.593587 0.472304 0.593262 0.470466 0.591960 0.469975 0.532715 0.467402 0.530599 0.469240 0.528483 0.473652 0.528809 0.484436 0.529460 0.485539
1 0.526855 0.505147 0.529134 0.506985 0.549642 0.510417 0.560710 0.510417 0.574544 0.509559 0.581543 0.509069 0.588379 0.506618 0.590495 0.501716 0.592448 0.490319 0.591960 0.488725 0.588704 0.487010 0.529460 0.485417 0.527181 0.489951 0.526367 0.494730 0.526204 0.501838 0.526855 0.505147
1 0.525391 0.522672 0.532878 0.526471 0.553711 0.528922 0.581380 0.529657 0.584310 0.528186 0.586100 0.526471 0.588379 0.507966 0.529297 0.505392 0.527344 0.506495 0.525879 0.508701 0.524414 0.515564 0.525391 0.522672
1 0.626465 0.471814 0.647461 0.477941 0.650879 0.478431 0.654460 0.478186 0.659342 0.474142 0.665039 0.466912 0.666016 0.463480 0.664876 0.462132 0.658203 0.459069 0.633626 0.456127 0.630046 0.456740 0.626628 0.458456 0.625000 0.463358 0.624837 0.469853 0.626465 0.471814
1 0.618886 0.488285 0.622579 0.474061 0.596519 0.471547 0.594672 0.486120 0.618886 0.488285
1 0.619296 0.488749 0.651512 0.493078 0.653770 0.479008 0.622374 0.474559 0.619296 0.488749
1 0.590363 0.501117 0.618680 0.505137 0.621553 0.489676 0.593441 0.486842 0.590363 0.501117
1 0.618065 0.505197 0.591389 0.501641 0.587900 0.516275 0.615807 0.520349 0.618065 0.505197
1 0.585643 0.529007 0.612729 0.536274 0.614166 0.520658 0.587285 0.516739 0.585643 0.529007
1 0.614166 0.535655 0.642073 0.540912 0.644125 0.526533 0.614987 0.519520 0.614166 0.535655
1 0.615397 0.520194 0.645151 0.526379 0.647203 0.509372 0.618373 0.505151 0.615397 0.520194
1 0.618680 0.505197 0.647819 0.509526 0.649460 0.493911 0.621451 0.489392 0.618680 0.505197
6 0.482703 0.332675 0.496603 0.333820 0.493128 0.263127 0.478576 0.266718 0.482703 0.332675
6 0.494865 0.333002 0.508114 0.331529 0.505291 0.261981 0.493562 0.263775 0.494865 0.333002
6 0.506159 0.330875 0.524403 0.332020 0.521797 0.260509 0.506268 0.263039 0.506159 0.330875
6 0.525706 0.330875 0.541995 0.329402 0.540910 0.256909 0.523208 0.259850 0.525706 0.330875
6 0.569661 0.201838 0.570801 0.202328 0.578125 0.201716 0.586589 0.200245 0.588379 0.199387 0.589844 0.196201 0.589844 0.182108 0.588379 0.179902 0.574707 0.183946 0.571126 0.187010 0.569173 0.196936 0.569010 0.200613 0.569661 0.201838
6 0.591960 0.217770 0.595378 0.216789 0.608236 0.210049 0.610514 0.207108 0.612467 0.202451 0.613444 0.193137 0.612793 0.190319 0.592773 0.197059 0.590983 0.199632 0.589844 0.206985 0.590007 0.214216 0.591960 0.217770
6 0.616048 0.208701 0.628743 0.205637 0.633464 0.203309 0.635091 0.199632 0.635579 0.188848 0.634440 0.186887 0.633138 0.186152 0.629883 0.186152 0.616374 0.189093 0.614258 0.192892 0.613444 0.200613 0.613444 0.206250 0.616048 0.208701
6 0.590820 0.196078 0.591960 0.197304 0.612793 0.191299 0.613607 0.187868 0.613607 0.175613 0.612630 0.173162 0.608887 0.172794 0.595378 0.175000 0.591309 0.179289 0.590332 0.181740 0.590169 0.193627 0.590820 0.196078
0 0.423177 0.410294 0.425293 0.411275 0.428223 0.410907 0.432129 0.411397 0.435221 0.410417 0.439128 0.410049 0.441732 0.409069 0.443522 0.409069 0.449544 0.410907 0.460449 0.410172 0.463542 0.411152 0.467611 0.410907 0.470052 0.412010 0.474447 0.411765 0.484375 0.412745 0.487793 0.414093 0.491374 0.414338 0.494629 0.415686 0.500977 0.414093 0.505697 0.414461 0.508464 0.413480 0.510742 0.413848 0.515625 0.416054 0.518555 0.414093 0.522298 0.412990 0.529785 0.412623 0.533854 0.403922 0.534668 0.397181 0.533691 0.393995 0.532878 0.393382 0.510254 0.393505 0.505208 0.392892 0.491048 0.392525 0.477539 0.391054 0.472331 0.391544 0.470378 0.390809 0.467448 0.391667 0.463216 0.391544 0.458659 0.390564 0.449382 0.389828 0.442057 0.390319 0.428874 0.392402 0.425293 0.392157 0.423177 0.394118 0.421387 0.402451 0.421712 0.408456 0.423177 0.410294
0 0.421712 0.426103 0.428874 0.425858 0.435872 0.426471 0.438965 0.425735 0.443197 0.426471 0.466092 0.425735 0.471029 0.427696 0.472819 0.426471 0.475098 0.419975 0.476725 0.418750 0.478678 0.418260 0.481283 0.414828 0.477376 0.412500 0.471842 0.410294 0.466960 0.409559 0.459635 0.409314 0.448893 0.409804 0.445150 0.409191 0.434570 0.409926 0.425781 0.411275 0.423177 0.412623 0.421549 0.415686 0.420736 0.421569 0.420573 0.425245 0.421712 0.426103
0 0.416992 0.443260 0.418945 0.445711 0.421549 0.446569 0.428223 0.444240 0.429362 0.442647 0.431803 0.441789 0.442546 0.441054 0.445638 0.440441 0.460124 0.440809 0.463216 0.441667 0.470378 0.441544 0.476400 0.443015 0.479980 0.442770 0.480632 0.442647 0.481445 0.440809 0.484538 0.440564 0.485840 0.439828 0.487467 0.435784 0.484212 0.434804 0.477376 0.434804 0.474609 0.432843 0.473796 0.431373 0.473796 0.428064 0.471842 0.427206 0.470378 0.425613 0.438639 0.428064 0.432943 0.427328 0.421712 0.427328 0.419596 0.428922 0.417480 0.432108 0.416992 0.434191 0.416178 0.439216 0.416992 0.443260
0 0.418294 0.456740 0.432617 0.456985 0.442220 0.459069 0.445150 0.458456 0.449219 0.458946 0.452148 0.458578 0.456543 0.458824 0.459310 0.458088 0.463053 0.458456 0.466960 0.458088 0.468913 0.453186 0.470378 0.445956 0.466960 0.442034 0.463053 0.442034 0.456055 0.440564 0.445964 0.440319 0.439453 0.441544 0.432780 0.441667 0.430827 0.441544 0.428711 0.440564 0.425781 0.441054 0.418294 0.436275 0.418620 0.437745 0.416667 0.442770 0.415853 0.447181 0.416016 0.453309 0.418294 0.456740
0 0.418294 0.485907 0.421712 0.486765 0.426107 0.486765 0.439128 0.490196 0.441732 0.488971 0.443197 0.488971 0.446126 0.489951 0.452962 0.489828 0.459635 0.488603 0.463216 0.488480 0.465658 0.487500 0.466960 0.485294 0.467773 0.477696 0.466960 0.474632 0.425293 0.470956 0.418783 0.471691 0.417643 0.473775 0.417155 0.477083 0.416992 0.484314 0.418294 0.485907
0 0.412109 0.501593 0.415039 0.502941 0.423014 0.505270 0.435547 0.507721 0.442057 0.508211 0.446777 0.507966 0.449544 0.508824 0.454102 0.508946 0.463542 0.508456 0.465169 0.506127 0.466309 0.491054 0.463542 0.487010 0.462402 0.488113 0.460124 0.489093 0.456380 0.488725 0.453776 0.489706 0.426595 0.484681 0.425456 0.483701 0.423828 0.483824 0.422852 0.484681 0.421224 0.484926 0.418294 0.483824 0.414876 0.488235 0.413737 0.492157 0.412923 0.499387 0.412109 0.501593
0 0.470378 0.460172 0.472168 0.458211 0.475911 0.457598 0.480794 0.458088 0.484375 0.459926 0.487793 0.460172 0.490234 0.456618 0.491211 0.453064 0.489909 0.445956 0.487793 0.444608 0.479818 0.444975 0.473633 0.444608 0.470866 0.445588 0.470052 0.446936 0.469727 0.456740 0.470378 0.460172
0 0.489909 0.453676 0.491211 0.457598 0.493490 0.458701 0.500651 0.460539 0.501628 0.461887 0.505046 0.460907 0.508138 0.449632 0.506510 0.443260 0.503092 0.442157 0.501139 0.442157 0.497721 0.443137 0.494629 0.442770 0.491211 0.444363 0.490072 0.445956 0.490885 0.449877 0.489909 0.453676
0 0.472656 0.471814 0.476237 0.471201 0.479329 0.471446 0.481934 0.472549 0.484212 0.474510 0.485352 0.473775 0.486491 0.472304 0.488444 0.467279 0.488444 0.462745 0.487793 0.460907 0.481608 0.461520 0.473470 0.461152 0.470378 0.458578 0.469076 0.462745 0.470378 0.474142 0.472656 0.471814
0 0.491211 0.471324 0.493164 0.470956 0.501628 0.471078 0.503581 0.467770 0.504395 0.463603 0.503092 0.460662 0.501628 0.460172 0.494303 0.460294 0.491211 0.459314 0.489421 0.462132 0.489258 0.465074 0.491211 0.471324
0 0.490234 0.487010 0.491211 0.487623 0.495768 0.487500 0.498047 0.488113 0.501465 0.487255 0.502930 0.484314 0.503418 0.477328 0.503418 0.473775 0.501628 0.470098 0.498210 0.471691 0.495280 0.472181 0.491536 0.471324 0.489746 0.471814 0.488444 0.473162 0.487305 0.476471 0.487142 0.481005 0.490234 0.487010
0 0.474160 0.483345 0.483921 0.484139 0.484375 0.489706 0.486491 0.487868 0.487793 0.483946 0.485840 0.475368 0.485352 0.473897 0.484375 0.473407 0.480632 0.473897 0.477376 0.472794 0.470866 0.474387 0.468913 0.477328 0.467611 0.481495 0.467611 0.487745 0.474160 0.483345
0 0.470378 0.499020 0.472873 0.499142 0.474772 0.499877 0.476562 0.502083 0.479818 0.503431 0.480794 0.505392 0.484375 0.504044 0.485840 0.501225 0.486816 0.494485 0.485677 0.491299 0.484212 0.489951 0.473958 0.489583 0.472005 0.488235 0.470378 0.485417 0.467936 0.487868 0.466960 0.493015 0.466960 0.499877 0.470378 0.499020
0 0.484863 0.491299 0.487793 0.497059 0.494629 0.498652 0.498210 0.500490 0.501302 0.499632 0.502279 0.492279 0.501628 0.485907 0.493327 0.486642 0.489421 0.484681 0.487793 0.481863 0.487142 0.483211 0.486491 0.487623 0.484863 0.491299
0 0.473470 0.510172 0.477376 0.511520 0.481608 0.511520 0.484375 0.510907 0.485677 0.508701 0.484375 0.503676 0.480794 0.503554 0.477376 0.501838 0.474664 0.501961 0.473145 0.501348 0.471029 0.497304 0.470378 0.493627 0.466960 0.494853 0.465983 0.497917 0.466146 0.508824 0.473470 0.510172
0 0.485352 0.509436 0.487630 0.510049 0.494954 0.510662 0.498210 0.511887 0.501139 0.510539 0.502604 0.505392 0.501628 0.499020 0.497559 0.499020 0.494954 0.498039 0.490885 0.498775 0.487793 0.498162 0.485352 0.503554 0.484212 0.508456 0.485352 0.509436
0 0.491211 0.445098 0.495605 0.443995 0.497721 0.442157 0.502116 0.442525 0.506185 0.441912 0.508464 0.440196 0.509928 0.435907 0.508626 0.433333 0.505859 0.432966 0.491211 0.434069 0.489583 0.435417 0.490072 0.442525 0.491211 0.445098
0 0.475749 0.433211 0.477376 0.434436 0.481120 0.434559 0.485026 0.433946 0.487793 0.435172 0.490885 0.433578 0.495117 0.433456 0.500326 0.432230 0.500326 0.421691 0.498210 0.417770 0.484212 0.418137 0.480632 0.418750 0.477376 0.417402 0.474609 0.422549 0.474935 0.431618 0.475749 0.433211
0 0.439865 0.473817 0.469411 0.474214 0.467565 0.458335 0.441448 0.459724 0.419195 0.455445 0.414012 0.468458 0.439865 0.473817
0 0.536682 0.427170 0.540112 0.415062 0.520747 0.415835 0.519535 0.425979 0.536682 0.427170
0 0.419288 0.411688 0.421926 0.395014 0.394223 0.393022 0.393963 0.410100 0.419288 0.411688
0 0.414276 0.431339 0.421399 0.414268 0.394556 0.411072 0.392908 0.427170 0.414276 0.431339
0 0.415331 0.450196 0.417442 0.432331 0.392225 0.429874 0.392644 0.448013 0.415331 0.450196
0 0.413221 0.467862 0.415331 0.449799 0.392225 0.448426 0.391325 0.464091 0.413221 0.467862
0 0.416914 0.485132 0.417969 0.470046 0.390227 0.464470 0.390270 0.480765 0.416914 0.485132
0 0.415331 0.504783 0.415595 0.485727 0.388896 0.482270 0.388159 0.501409 0.415331 0.504783
6 0.677069 0.181830 0.662411 0.184922 0.661825 0.210694 0.674138 0.208999 0.677069 0.181830
6 0.693487 0.178395 0.679122 0.180383 0.675897 0.208707 0.691141 0.205564 0.693487 0.178395
6 0.671563 0.236347 0.686400 0.233013 0.691086 0.206341 0.674687 0.210589 0.671563 0.236347
