2 0.087891 0.370221 0.088379 0.372549 0.089193 0.373529 0.091188 0.382313 0.097006 0.382751 0.099042 0.387792 0.150817 0.389107 0.149945 0.376615 0.147949 0.374510 0.148763 0.373284 0.150065 0.366299 0.152018 0.362745 0.153483 0.356127 0.152344 0.332108 0.150879 0.328554 0.144206 0.327819 0.102214 0.326961 0.088542 0.329167 0.086914 0.331495 0.086589 0.349877 0.087891 0.370221
2 0.246654 0.416711 0.248054 0.416711 0.259565 0.417770 0.276981 0.416789 0.283491 0.415809 0.289676 0.412500 0.290978 0.407966 0.290815 0.390564 0.289188 0.383456 0.287723 0.381863 0.280073 0.381373 0.246304 0.381890 0.242452 0.381890 0.243503 0.415919 0.246654 0.416711
2 0.246745 0.449632 0.249186 0.452451 0.251465 0.453922 0.269531 0.454657 0.289876 0.453676 0.291992 0.453064 0.293620 0.451716 0.294596 0.449755 0.294596 0.446569 0.292969 0.425245 0.291992 0.418995 0.290365 0.417279 0.248210 0.417402 0.246257 0.418382 0.244792 0.428309 0.244629 0.432353 0.246745 0.449632
2 0.154574 0.448366 0.150023 0.388485 0.099257 0.389225 0.102408 0.451004 0.154574 0.448366
2 0.345385 0.417502 0.341884 0.380571 0.291468 0.381317 0.292869 0.418557 0.345385 0.417502
2 0.293219 0.453642 0.345736 0.454961 0.344335 0.417238 0.293044 0.419277 0.293219 0.453642
2 0.343285 0.417766 0.397202 0.418557 0.395101 0.381363 0.342935 0.380526 0.343285 0.417766
2 0.398602 0.456016 0.396852 0.417502 0.346086 0.419277 0.346086 0.456280 0.398602 0.456016
2 0.394401 0.418294 0.460222 0.419085 0.459522 0.380571 0.397552 0.380526 0.394401 0.418294
2 0.398952 0.456543 0.456721 0.457862 0.453920 0.427262 0.458472 0.427262 0.457071 0.418557 0.397552 0.420859 0.398952 0.456543
2 0.457421 0.457599 0.471776 0.458918 0.469675 0.429373 0.456371 0.428768 0.457421 0.457599
2 0.526043 0.401675 0.528494 0.409852 0.532345 0.402202 0.556503 0.402730 0.554752 0.395344 0.505036 0.395607 0.505736 0.401879 0.526043 0.401675
2 0.556503 0.395871 0.555803 0.362633 0.505386 0.362370 0.506262 0.393971 0.556503 0.395871
2 0.556503 0.395344 0.601667 0.394816 0.601317 0.361314 0.556153 0.363128 0.556503 0.395344
2 0.563155 0.426471 0.572958 0.427262 0.573658 0.402730 0.603068 0.400092 0.602017 0.394025 0.559304 0.393575 0.558604 0.403785 0.563155 0.426471
2 0.575059 0.461555 0.574359 0.428054 0.562980 0.429558 0.562455 0.460500 0.575059 0.461555
4 0.531576 0.787623 0.532878 0.789338 0.560710 0.793873 0.562314 0.779336 0.565054 0.775895 0.565054 0.764198 0.585373 0.746309 0.571218 0.743556 0.531413 0.772549 0.530924 0.775613 0.530762 0.784681 0.531576 0.787623
4 0.567708 0.779044 0.594727 0.781250 0.596517 0.780392 0.598796 0.776348 0.598958 0.757843 0.597656 0.755025 0.595378 0.752941 0.581543 0.751838 0.569661 0.757598 0.566243 0.762132 0.566081 0.764338 0.566243 0.774020 0.567708 0.779044
4 0.595875 0.783808 0.563227 0.778132 0.564026 0.793232 0.595646 0.798946 0.595875 0.783808
4 0.595705 0.799848 0.563058 0.794172 0.563857 0.809272 0.595477 0.814986 0.595705 0.799848
4 0.562660 0.794043 0.530013 0.788366 0.530812 0.803466 0.562432 0.809180 0.562660 0.794043
4 0.560664 0.808019 0.528017 0.802342 0.528816 0.817443 0.560436 0.823156 0.560664 0.808019
4 0.592914 0.814254 0.560267 0.808577 0.561066 0.823678 0.592686 0.829391 0.592914 0.814254
4 0.559184 0.824446 0.526537 0.818769 0.527336 0.833869 0.558956 0.839583 0.559184 0.824446
4 0.592576 0.829649 0.559928 0.823972 0.560727 0.839073 0.592347 0.844786 0.592576 0.829649
4 0.559302 0.838464 0.526654 0.832788 0.527454 0.847888 0.559074 0.853602 0.559302 0.838464
4 0.592009 0.844872 0.559361 0.839195 0.560160 0.854296 0.591780 0.860009 0.592009 0.844872
4 0.557748 0.854132 0.526544 0.847667 0.527343 0.862767 0.558963 0.868481 0.557748 0.854132
4 0.590757 0.860783 0.558109 0.855106 0.558908 0.870207 0.590528 0.875920 0.590757 0.860783
6 0.705729 0.796446 0.706543 0.797794 0.753756 0.804355 0.754215 0.800901 0.758340 0.792613 0.763509 0.775123 0.767090 0.744975 0.766276 0.740809 0.761882 0.738113 0.755371 0.737255 0.741048 0.737377 0.737467 0.739338 0.730957 0.744975 0.709147 0.768995 0.706543 0.772426 0.705078 0.777451 0.704915 0.790686 0.705729 0.796446
6 0.706543 0.819240 0.750651 0.824632 0.752279 0.824510 0.756022 0.821936 0.756836 0.813971 0.756510 0.806985 0.755208 0.802451 0.728027 0.798652 0.710124 0.797059 0.706543 0.798039 0.705241 0.800123 0.705078 0.814093 0.706543 0.819240
6 0.706217 0.835049 0.709310 0.839461 0.751139 0.847672 0.754720 0.847181 0.758626 0.845343 0.759766 0.830637 0.758464 0.825980 0.727376 0.820711 0.714193 0.819118 0.709961 0.819240 0.706380 0.821324 0.705566 0.827451 0.706217 0.835049
6 0.769043 0.740686 0.776042 0.743015 0.801107 0.748652 0.803548 0.746936 0.815104 0.720466 0.814453 0.717034 0.786458 0.713725 0.775391 0.714828 0.772298 0.716544 0.768717 0.720588 0.766927 0.723897 0.765299 0.729779 0.765625 0.737623 0.769043 0.740686
6 0.769206 0.740564 0.774577 0.742402 0.800618 0.748284 0.802572 0.747304 0.803711 0.745466 0.814453 0.720466 0.814128 0.717402 0.786296 0.713848 0.779134 0.714216 0.775716 0.714951 0.772298 0.716912 0.768880 0.720711 0.767090 0.723897 0.765625 0.729902 0.766113 0.737868 0.769206 0.740564
6 0.805990 0.748162 0.807292 0.749755 0.839518 0.756373 0.845378 0.757108 0.864746 0.727328 0.864095 0.723897 0.862793 0.722917 0.855794 0.721201 0.832357 0.719240 0.819173 0.719730 0.814290 0.721691 0.810384 0.725735 0.806478 0.733578 0.805176 0.741667 0.805013 0.745098 0.805990 0.748162
6 0.848145 0.778431 0.849284 0.780147 0.855794 0.781863 0.897298 0.788358 0.900879 0.787500 0.902344 0.783211 0.902995 0.776471 0.905273 0.734314 0.903646 0.730760 0.886882 0.725858 0.879232 0.725245 0.870280 0.725490 0.867839 0.726103 0.850423 0.750245 0.847005 0.757108 0.846842 0.772549 0.848145 0.778431
6 0.904460 0.764461 0.932292 0.769240 0.957682 0.762010 0.962077 0.758701 0.963379 0.744608 0.962565 0.737745 0.959635 0.734559 0.928874 0.731005 0.907552 0.729534 0.904460 0.730882 0.900716 0.743873 0.901367 0.758578 0.904460 0.764461
6 0.766439 0.758211 0.768555 0.759436 0.779460 0.762255 0.796712 0.765319 0.803874 0.765319 0.805339 0.761642 0.806152 0.751716 0.803711 0.748775 0.789876 0.744730 0.772461 0.741544 0.769043 0.741667 0.768392 0.742157 0.766113 0.748284 0.765462 0.756250 0.766439 0.758211
6 0.809245 0.766054 0.841960 0.773039 0.845378 0.772672 0.846354 0.767402 0.846517 0.757966 0.845215 0.755637 0.815755 0.749142 0.810547 0.749265 0.808268 0.750735 0.807129 0.752941 0.806803 0.762377 0.809245 0.766054
6 0.904297 0.787868 0.908691 0.790074 0.921549 0.791299 0.924967 0.790809 0.934896 0.768995 0.908366 0.764583 0.904948 0.765564 0.903320 0.768137 0.903320 0.786520 0.904297 0.787868
6 0.769043 0.749020 0.774414 0.748775 0.776367 0.748162 0.775879 0.744730 0.769043 0.743750 0.768229 0.745343 0.767741 0.748162 0.769043 0.749020
6 0.765625 0.775368 0.800130 0.783211 0.801432 0.782598 0.803223 0.779902 0.805013 0.772917 0.805013 0.768750 0.803548 0.765686 0.768880 0.758701 0.767578 0.759681 0.765462 0.763725 0.764323 0.768750 0.764160 0.772549 0.765625 0.775368
6 0.761548 0.792268 0.799591 0.800556 0.801883 0.784325 0.763382 0.776037 0.761548 0.792268
6 0.759762 0.810259 0.797805 0.818547 0.800096 0.802316 0.761595 0.794028 0.759762 0.810259
6 0.759855 0.828284 0.797898 0.836572 0.800190 0.820341 0.761688 0.812053 0.759855 0.828284
6 0.760360 0.845930 0.798403 0.854219 0.800695 0.837987 0.762194 0.829699 0.760360 0.845930
6 0.759949 0.863576 0.797992 0.871865 0.800283 0.855634 0.761782 0.847345 0.759949 0.863576
6 0.760454 0.879841 0.798497 0.888129 0.800789 0.871898 0.762287 0.863610 0.760454 0.879841
6 0.760959 0.898178 0.799002 0.906466 0.801294 0.890235 0.762792 0.881947 0.760959 0.898178
6 0.762381 0.915133 0.800424 0.923422 0.802715 0.907190 0.764214 0.898902 0.762381 0.915133
6 0.805054 0.783936 0.843097 0.792225 0.845389 0.775993 0.806887 0.767705 0.805054 0.783936
6 0.803267 0.799856 0.841310 0.808144 0.843602 0.791913 0.805101 0.783625 0.803267 0.799856
6 0.801481 0.816811 0.839524 0.825099 0.841815 0.808868 0.803314 0.800580 0.801481 0.816811
6 0.799694 0.834457 0.837737 0.842745 0.840029 0.826514 0.801528 0.818226 0.799694 0.834457
6 0.798366 0.852103 0.836409 0.860392 0.838701 0.844160 0.800199 0.835872 0.798366 0.852103
6 0.798412 0.869404 0.836456 0.877692 0.838747 0.861461 0.800246 0.853173 0.798412 0.869404
6 0.799834 0.885669 0.837877 0.893957 0.840169 0.877726 0.801668 0.869438 0.799834 0.885669
6 0.800798 0.902970 0.838841 0.911258 0.841132 0.895027 0.802631 0.886738 0.800798 0.902970
6 0.799928 0.921652 0.837971 0.929940 0.840263 0.913709 0.801761 0.905421 0.799928 0.921652
6 0.845426 0.802973 0.899053 0.811779 0.901345 0.789160 0.848101 0.778713 0.845426 0.802973
6 0.843640 0.828562 0.897267 0.837368 0.899558 0.814749 0.846315 0.804302 0.843640 0.828562
6 0.841853 0.849662 0.895480 0.858467 0.897772 0.835848 0.844528 0.825401 0.841853 0.849662
6 0.838233 0.872143 0.891860 0.880948 0.894152 0.858329 0.840908 0.847882 0.838233 0.872143
6 0.838280 0.895660 0.891907 0.904465 0.894198 0.881846 0.840955 0.871399 0.838280 0.895660
6 0.840843 0.917108 0.892412 0.927637 0.894703 0.905018 0.841460 0.894571 0.840843 0.917108
6 0.839009 0.932304 0.893375 0.947700 0.891261 0.927469 0.842423 0.914635 0.839009 0.932304
6 0.902995 0.812623 0.907715 0.813848 0.924967 0.815809 0.926758 0.814951 0.928711 0.812745 0.929362 0.810784 0.930013 0.807475 0.929525 0.803922 0.926432 0.795956 0.925293 0.794240 0.922363 0.792157 0.911621 0.790809 0.904622 0.791299 0.902995 0.794118 0.901855 0.800000 0.901530 0.811029 0.902995 0.812623
6 0.900716 0.836765 0.911784 0.838848 0.925293 0.840319 0.926758 0.838480 0.927409 0.835539 0.928223 0.821569 0.926595 0.815931 0.925456 0.815196 0.903809 0.813971 0.901042 0.815319 0.900391 0.817647 0.899251 0.835049 0.900716 0.836765
6 0.897786 0.859314 0.900879 0.860662 0.914551 0.863848 0.925293 0.865074 0.926758 0.843505 0.926758 0.841544 0.925456 0.838725 0.901042 0.837623 0.899089 0.841667 0.897135 0.855760 0.897786 0.859314
