2 0.768229 0.252328 0.769043 0.255392 0.773763 0.255882 0.835124 0.250123 0.838542 0.249265 0.839844 0.248284 0.837891 0.195833 0.837402 0.192647 0.835775 0.189093 0.831380 0.185049 0.828125 0.184069 0.814128 0.182230 0.804199 0.182721 0.790527 0.184926 0.781087 0.187377 0.770833 0.191667 0.768717 0.193260 0.767253 0.196078 0.766764 0.213971 0.768229 0.252328
2 0.769043 0.190809 0.828288 0.182598 0.831217 0.181618 0.832031 0.174877 0.829753 0.147426 0.828288 0.143873 0.821126 0.140564 0.817220 0.139706 0.803548 0.139461 0.779134 0.143137 0.767578 0.147426 0.764648 0.150980 0.764160 0.155392 0.765462 0.185784 0.769043 0.190809
2 0.835775 0.182230 0.838542 0.188603 0.841960 0.192157 0.855794 0.193873 0.900879 0.181495 0.902018 0.176961 0.901367 0.140441 0.900065 0.135907 0.897786 0.133701 0.894206 0.132475 0.883626 0.130637 0.858887 0.133211 0.852214 0.134926 0.846029 0.136887 0.839355 0.140686 0.836914 0.144118 0.834798 0.150735 0.834473 0.158456 0.835775 0.182230
2 0.881510 0.231740 0.883626 0.244975 0.889648 0.245588 0.894206 0.245343 0.932292 0.241544 0.942546 0.239951 0.943685 0.239216 0.944499 0.236887 0.942383 0.196078 0.941569 0.192647 0.936686 0.186029 0.932454 0.185172 0.921712 0.184804 0.911296 0.185294 0.894694 0.189216 0.887044 0.191912 0.880208 0.196201 0.879883 0.197426 0.879557 0.203676 0.881510 0.231740
2 0.920736 0.175858 0.921875 0.178554 0.925130 0.180392 0.931315 0.182475 0.944458 0.193585 0.973960 0.192415 0.981723 0.190660 0.980143 0.160294 0.978353 0.143750 0.977051 0.140564 0.972168 0.137990 0.966960 0.136520 0.958822 0.136152 0.946126 0.137745 0.935710 0.139828 0.925456 0.143995 0.920573 0.147426 0.918945 0.152819 0.918945 0.165074 0.920736 0.175858
2 0.944987 0.237623 0.946126 0.239706 0.967285 0.239951 0.983561 0.237377 0.985189 0.234314 0.985189 0.230882 0.983398 0.202819 0.982259 0.196078 0.980794 0.193260 0.975749 0.191667 0.964844 0.190931 0.944336 0.192157 0.943034 0.192647 0.942546 0.194485 0.943359 0.227696 0.944987 0.237623
2 0.983561 0.189338 0.984375 0.191422 0.987793 0.192279 0.996582 0.189216 0.999837 0.187377 0.999837 0.134926 0.994629 0.134314 0.988932 0.136029 0.981283 0.140564 0.979980 0.142892 0.982096 0.178309 0.983561 0.189338
2 0.986165 0.234314 0.987793 0.235784 0.990885 0.236152 0.999837 0.234681 0.999837 0.188235 0.998210 0.188235 0.985514 0.193995 0.984212 0.196078 0.983724 0.200490 0.984049 0.217402 0.986165 0.234314
2 0.842448 0.248039 0.848796 0.248897 0.856283 0.248529 0.869792 0.247426 0.880208 0.245833 0.881510 0.244853 0.881836 0.238235 0.880208 0.195956 0.876139 0.195711 0.860026 0.197672 0.843750 0.201225 0.841960 0.202083 0.840495 0.203799 0.839030 0.207475 0.840169 0.231740 0.842448 0.248039
0 0.544922 0.443750 0.546061 0.446569 0.548503 0.447672 0.550618 0.447917 0.552897 0.447304 0.557780 0.447059 0.567057 0.445221 0.571615 0.445711 0.584863 0.445098 0.620931 0.445098 0.630046 0.446936 0.637207 0.446936 0.651042 0.444975 0.652669 0.442770 0.650879 0.418137 0.647135 0.414828 0.633138 0.410049 0.626465 0.409559 0.612793 0.410784 0.606608 0.411887 0.602214 0.411520 0.583171 0.413848 0.546875 0.415319 0.544922 0.417402 0.544434 0.419975 0.544271 0.432843 0.544922 0.443750
0 0.538249 0.479044 0.539551 0.532843 0.544108 0.533824 0.549967 0.534314 0.554036 0.534436 0.560059 0.533824 0.562012 0.532843 0.562826 0.525490 0.562012 0.521078 0.560547 0.518627 0.561361 0.517157 0.561523 0.514828 0.561035 0.507966 0.560059 0.504167 0.559733 0.489461 0.560221 0.487500 0.559082 0.484804 0.559570 0.480637 0.559245 0.469975 0.558594 0.467647 0.558431 0.452819 0.557292 0.449755 0.549805 0.449510 0.539551 0.451103 0.537435 0.453309 0.536458 0.460172 0.536296 0.464093 0.538249 0.479044
0 0.578939 0.449632 0.581055 0.450245 0.581706 0.452451 0.582031 0.463971 0.581380 0.466912 0.582520 0.469975 0.582194 0.480882 0.582845 0.483578 0.582357 0.494730 0.583984 0.500980 0.583984 0.509069 0.584961 0.511520 0.585286 0.518995 0.586100 0.521446 0.586263 0.526225 0.587402 0.532108 0.588216 0.532966 0.591471 0.533701 0.596029 0.533456 0.599121 0.533824 0.607422 0.532966 0.621908 0.530147 0.627604 0.529779 0.628418 0.529412 0.629395 0.525735 0.628418 0.521732 0.627767 0.497549 0.625977 0.486642 0.626465 0.484191 0.625651 0.453064 0.624512 0.450123 0.621908 0.447304 0.616211 0.445711 0.599772 0.446201 0.595215 0.445711 0.589844 0.446569 0.584798 0.446446 0.583171 0.447059 0.581706 0.448775 0.578939 0.449632
0 0.560710 0.488113 0.561523 0.490686 0.561035 0.494363 0.561686 0.496936 0.561523 0.508946 0.562988 0.515319 0.563151 0.519118 0.564290 0.521936 0.563314 0.532966 0.563965 0.533333 0.571289 0.533088 0.577637 0.531250 0.581543 0.531127 0.584961 0.528186 0.585449 0.526103 0.584310 0.522794 0.582682 0.512868 0.582520 0.507475 0.580404 0.494186 0.579915 0.451348 0.580404 0.449510 0.577962 0.448039 0.572591 0.447794 0.562174 0.448284 0.557292 0.449510 0.561361 0.483088 0.560710 0.488113
