1 0.811020 0.815442 0.847686 0.820392 0.863881 0.811068 0.864033 0.799327 0.846464 0.810032 0.812165 0.804365 0.811020 0.815442
1 0.811783 0.791384 0.847075 0.796104 0.862658 0.788046 0.862964 0.777456 0.841881 0.765714 0.839894 0.765541 0.811172 0.780564 0.811783 0.791384
1 0.846922 0.809226 0.864186 0.798636 0.864033 0.788276 0.845700 0.798981 0.812395 0.792286 0.811783 0.804161 0.846922 0.809226
1 0.812089 0.827068 0.846617 0.833284 0.863422 0.823615 0.863575 0.811643 0.847075 0.821543 0.811936 0.816098 0.812089 0.827068
1 0.788256 0.787010 0.785353 0.788967 0.778325 0.805543 0.769922 0.822119 0.805520 0.827989 0.811936 0.825457 0.810790 0.807643 0.811783 0.791269 0.788256 0.787010
6 0.583881 0.660149 0.583881 0.672081 0.594235 0.673304 0.594641 0.666115 0.603777 0.662750 0.632808 0.655102 0.614841 0.652869 0.583881 0.660149
6 0.594438 0.677893 0.615552 0.679729 0.614537 0.667951 0.649862 0.657702 0.636463 0.656019 0.595656 0.666397 0.594438 0.677893
6 0.635417 0.675368 0.637044 0.677206 0.640951 0.679044 0.653646 0.680637 0.657389 0.680392 0.665365 0.678799 0.667480 0.676838 0.670573 0.675245 0.673340 0.672426 0.675293 0.673284 0.676595 0.671814 0.676595 0.668382 0.675293 0.667279 0.670410 0.668137 0.663737 0.666789 0.644043 0.667525 0.636719 0.668382 0.636556 0.672059 0.635417 0.675368
6 0.623210 0.678431 0.625000 0.677451 0.634603 0.676593 0.637370 0.675735 0.637695 0.675123 0.636556 0.671691 0.637858 0.668137 0.632975 0.666789 0.623372 0.665196 0.622233 0.667402 0.622233 0.672426 0.623210 0.678431
6 0.577097 0.697656 0.583515 0.697235 0.581868 0.699510 0.588542 0.699020 0.591634 0.700123 0.595378 0.700245 0.596680 0.697181 0.596191 0.692157 0.597331 0.689093 0.596517 0.686765 0.594727 0.685539 0.592122 0.684681 0.588216 0.684559 0.585286 0.683824 0.581868 0.684314 0.578125 0.685662 0.576497 0.686765 0.574870 0.689093 0.574707 0.690319 0.574544 0.692892 0.577097 0.697656
6 0.597493 0.699510 0.598796 0.700980 0.616211 0.703431 0.619792 0.701471 0.622233 0.692647 0.621257 0.690074 0.616862 0.687377 0.601888 0.687255 0.598307 0.688358 0.597168 0.689216 0.596842 0.690564 0.596354 0.696201 0.597493 0.699510
6 0.577148 0.709559 0.578939 0.710539 0.581055 0.711152 0.594889 0.712255 0.597493 0.712132 0.598796 0.711397 0.599121 0.709926 0.597168 0.702941 0.595378 0.700123 0.594076 0.699632 0.591797 0.699020 0.578125 0.698652 0.576335 0.703554 0.576335 0.708211 0.577148 0.709559
6 0.584170 0.684003 0.600905 0.685754 0.601215 0.678982 0.594397 0.678399 0.594397 0.673495 0.584790 0.672078 0.584170 0.684003
6 0.600098 0.711152 0.602214 0.713725 0.615723 0.714706 0.619792 0.713971 0.619303 0.709681 0.616211 0.703186 0.605632 0.701838 0.600098 0.703064 0.598958 0.704779 0.598796 0.706985 0.600098 0.711152
6 0.600586 0.685907 0.603841 0.687132 0.619792 0.687500 0.621582 0.685662 0.621257 0.681373 0.619792 0.678431 0.605306 0.678186 0.599284 0.679289 0.599609 0.684804 0.600586 0.685907
6 0.625651 0.688113 0.637044 0.688725 0.638346 0.687623 0.639160 0.685784 0.638835 0.681250 0.636719 0.678064 0.630534 0.676961 0.624349 0.677328 0.623047 0.677941 0.622070 0.681005 0.622559 0.685662 0.625651 0.688113
6 0.621745 0.702819 0.623210 0.703799 0.630208 0.701838 0.632324 0.699510 0.630697 0.689338 0.623210 0.687990 0.621419 0.689216 0.620768 0.692034 0.620443 0.699877 0.621745 0.702819
6 0.640299 0.690074 0.654297 0.691667 0.656413 0.690074 0.657064 0.682108 0.654785 0.680637 0.640299 0.678799 0.638509 0.681985 0.638672 0.688480 0.640299 0.690074
6 0.657878 0.691912 0.674805 0.694730 0.676270 0.694485 0.678060 0.693137 0.679199 0.689706 0.679362 0.681863 0.678711 0.680392 0.675944 0.679902 0.661621 0.680392 0.657878 0.681495 0.656901 0.682230 0.656738 0.683701 0.656576 0.689338 0.657878 0.691912
0 0.756348 0.691299 0.758626 0.692770 0.786296 0.696446 0.810710 0.696569 0.812663 0.693260 0.812337 0.678554 0.810710 0.676961 0.803874 0.674632 0.790365 0.672794 0.765462 0.672059 0.758301 0.673652 0.756348 0.675735 0.755046 0.681005 0.755046 0.689216 0.756348 0.691299
0 0.715658 0.686520 0.734375 0.690441 0.744629 0.691789 0.751790 0.691912 0.754395 0.690319 0.755046 0.689338 0.755371 0.675980 0.755046 0.674020 0.752930 0.670956 0.715188 0.670871 0.714428 0.675645 0.714355 0.674265 0.714355 0.685784 0.715658 0.686520
0 0.699544 0.710539 0.740885 0.715809 0.786133 0.721078 0.797689 0.721446 0.800130 0.721201 0.811361 0.717034 0.814453 0.714951 0.815104 0.713725 0.813639 0.702574 0.812500 0.699510 0.810710 0.698284 0.803385 0.696201 0.720378 0.688725 0.713379 0.688725 0.696777 0.694853 0.695638 0.695956 0.694987 0.698529 0.695801 0.706863 0.699544 0.710539
0 0.699544 0.726716 0.707682 0.730760 0.727376 0.736152 0.748210 0.738603 0.796875 0.742892 0.810710 0.740196 0.821126 0.735049 0.825358 0.731005 0.817546 0.720466 0.814290 0.717892 0.706543 0.712377 0.700195 0.712745 0.698568 0.713358 0.698079 0.714216 0.698079 0.724265 0.699544 0.726716
