2 0.724447 0.105882 0.726562 0.107843 0.789388 0.111642 0.791992 0.110784 0.792480 0.109069 0.790527 0.056618 0.788411 0.046078 0.787109 0.043260 0.782715 0.041176 0.769043 0.038603 0.737793 0.040196 0.727702 0.043505 0.723958 0.045343 0.714355 0.053554 0.712240 0.057475 0.711589 0.064461 0.724447 0.105882
2 0.693685 0.064093 0.696126 0.066176 0.701986 0.066054 0.706055 0.065319 0.708496 0.064216 0.736654 0.039951 0.737793 0.036520 0.737630 0.032108 0.736491 0.030270 0.734375 0.029167 0.727214 0.029044 0.711589 0.030760 0.698242 0.036152 0.693359 0.039951 0.691895 0.042892 0.691895 0.051348 0.693685 0.064093
2 0.737793 0.036397 0.739746 0.039338 0.744303 0.040564 0.758626 0.040074 0.765788 0.039583 0.769043 0.038603 0.770345 0.037500 0.771159 0.032966 0.768555 0.008088 0.767904 0.006127 0.766602 0.005025 0.765625 0.004657 0.754395 0.008088 0.744141 0.013480 0.739421 0.017034 0.737305 0.022917 0.736979 0.027819 0.737793 0.036397
2 0.793294 0.106740 0.793783 0.109191 0.795247 0.111275 0.797363 0.112377 0.805827 0.113235 0.845703 0.113113 0.847656 0.109314 0.849772 0.092034 0.849284 0.063971 0.848307 0.056985 0.846517 0.053309 0.845378 0.052328 0.833333 0.049632 0.828451 0.049387 0.793294 0.053186 0.791829 0.056127 0.792318 0.095833 0.793294 0.106740
2 0.869792 0.066667 0.911296 0.062500 0.918783 0.057230 0.919271 0.046814 0.918457 0.039706 0.917480 0.036397 0.912923 0.034559 0.904622 0.033333 0.890299 0.034191 0.869954 0.040196 0.868490 0.042157 0.867839 0.044853 0.867676 0.057598 0.869792 0.066667
2 0.923991 0.053799 0.925293 0.055270 0.977376 0.056005 0.978353 0.052328 0.978678 0.043382 0.977376 0.039093 0.971517 0.032843 0.963216 0.027941 0.960124 0.027206 0.953125 0.026838 0.935710 0.027941 0.924805 0.039951 0.923665 0.042402 0.923503 0.050735 0.923991 0.053799
2 0.884766 0.000000 0.875163 0.003922 0.869466 0.007843 0.867676 0.010539 0.867025 0.013480 0.868164 0.033211 0.869792 0.041054 0.921875 0.039583 0.925293 0.038725 0.928385 0.036397 0.934896 0.025490 0.935547 0.021936 0.934733 0.014093 0.932780 0.005025 0.930013 0.000000 0.884766 0.000000
2 0.771973 0.000000 0.769206 0.005392 0.768555 0.007966 0.769043 0.016176 0.771647 0.036397 0.772624 0.037255 0.789876 0.042157 0.845540 0.036887 0.846517 0.035784 0.847982 0.032966 0.847982 0.026838 0.846354 0.000000 0.771973 0.000000
2 0.873210 0.106740 0.908854 0.100490 0.910807 0.099510 0.912598 0.095588 0.912435 0.071936 0.911296 0.066789 0.908366 0.064216 0.876628 0.068015 0.869792 0.073407 0.868490 0.077574 0.869466 0.096324 0.873210 0.106740
2 0.914876 0.094240 0.918620 0.094240 0.970378 0.086397 0.971680 0.085049 0.977865 0.063725 0.973145 0.057230 0.963542 0.051225 0.955078 0.050980 0.938965 0.052328 0.925456 0.055392 0.918457 0.058333 0.915690 0.060294 0.913086 0.064828 0.913249 0.088725 0.914876 0.094240
2 0.916341 0.117647 0.916829 0.119730 0.917969 0.120588 0.931641 0.122181 0.970052 0.124387 0.974284 0.124387 0.977376 0.123284 0.977539 0.104167 0.974772 0.092770 0.970378 0.088113 0.957682 0.086765 0.938802 0.087500 0.932129 0.088971 0.916178 0.095098 0.914551 0.097304 0.914062 0.099265 0.916341 0.117647
2 0.871419 0.116054 0.873210 0.117892 0.876628 0.119485 0.911296 0.120711 0.915039 0.120588 0.916016 0.119853 0.916016 0.105637 0.914876 0.102451 0.911947 0.100858 0.900879 0.100980 0.895182 0.101716 0.873210 0.106495 0.871745 0.108211 0.871094 0.109191 0.871419 0.116054
2 0.847819 0.050490 0.849121 0.053676 0.852376 0.057843 0.862793 0.060417 0.864909 0.058456 0.866374 0.054779 0.867350 0.039461 0.866211 0.034436 0.862956 0.033211 0.852376 0.032475 0.848796 0.034681 0.847493 0.036520 0.847819 0.050490
0 0.823242 0.397549 0.825195 0.399265 0.827474 0.402696 0.831380 0.404657 0.837565 0.405147 0.842611 0.404902 0.847819 0.405515 0.852702 0.405515 0.855794 0.404657 0.860026 0.404779 0.863281 0.405515 0.866048 0.407108 0.872884 0.405760 0.885173 0.405270 0.897786 0.405637 0.901204 0.404902 0.902018 0.404534 0.901367 0.403186 0.903320 0.401471 0.904460 0.401961 0.906250 0.397672 0.906576 0.395098 0.906576 0.390319 0.905599 0.387745 0.903971 0.386029 0.901042 0.384681 0.891113 0.386029 0.876628 0.386520 0.873372 0.387868 0.869466 0.387255 0.855957 0.389338 0.838542 0.390809 0.835449 0.391544 0.827637 0.391912 0.825358 0.392525 0.823242 0.393995 0.823242 0.397549
0 0.806478 0.414216 0.805827 0.415074 0.808431 0.417279 0.809570 0.419240 0.811523 0.420466 0.812174 0.422059 0.809408 0.423529 0.807454 0.423775 0.806478 0.425368 0.807617 0.426225 0.811686 0.427083 0.813965 0.429044 0.817546 0.428676 0.838704 0.429044 0.841960 0.429902 0.845215 0.428676 0.856120 0.429289 0.862467 0.427083 0.866211 0.427941 0.882161 0.426225 0.887695 0.426348 0.893880 0.427696 0.897298 0.427206 0.901042 0.427328 0.903483 0.426103 0.904622 0.423039 0.905599 0.400980 0.904460 0.398162 0.902669 0.396814 0.900553 0.396446 0.898438 0.397549 0.897135 0.399387 0.896810 0.401103 0.897461 0.401593 0.900879 0.401593 0.902344 0.404412 0.897949 0.405515 0.886068 0.405637 0.880046 0.404534 0.877441 0.405515 0.875814 0.405637 0.873210 0.404902 0.870280 0.406005 0.866211 0.406250 0.862630 0.405270 0.860352 0.403309 0.859375 0.403064 0.852051 0.404289 0.849121 0.405270 0.845540 0.403676 0.841471 0.404657 0.839355 0.403922 0.837077 0.404534 0.832845 0.404534 0.831543 0.403799 0.824707 0.403431 0.822103 0.404534 0.822428 0.405515 0.819336 0.408456 0.816406 0.409191 0.813314 0.411029 0.810221 0.411029 0.809245 0.412868 0.806478 0.414216
0 0.906901 0.414828 0.908203 0.417525 0.912109 0.418015 0.946452 0.415564 0.950033 0.414706 0.953125 0.412745 0.953613 0.411029 0.951335 0.400735 0.949544 0.397426 0.946940 0.396201 0.934408 0.396446 0.927246 0.397181 0.913737 0.397304 0.909668 0.398039 0.908366 0.398529 0.907389 0.399632 0.906738 0.400858 0.906901 0.414828
0 0.908366 0.428309 0.907878 0.432475 0.909180 0.435662 0.911133 0.436887 0.918620 0.436275 0.921061 0.435539 0.925456 0.435417 0.933268 0.433701 0.939453 0.433824 0.946615 0.432230 0.949544 0.430515 0.950033 0.419730 0.949544 0.417525 0.947754 0.416299 0.945638 0.415931 0.918294 0.416789 0.914062 0.417647 0.911458 0.418750 0.907878 0.418382 0.907715 0.419730 0.907552 0.425980 0.908366 0.428309
0 0.911296 0.449632 0.920085 0.446936 0.935872 0.446201 0.947266 0.444730 0.949544 0.444853 0.950521 0.442892 0.950684 0.440809 0.950195 0.435784 0.949219 0.434559 0.945801 0.434314 0.942871 0.435049 0.932454 0.435172 0.928711 0.436152 0.925293 0.436029 0.911296 0.437377 0.907715 0.441667 0.907878 0.445343 0.911296 0.449632
0 0.831543 0.443260 0.834961 0.447672 0.837891 0.446691 0.843587 0.446324 0.848958 0.446814 0.851725 0.446078 0.901204 0.444363 0.904460 0.443505 0.905924 0.439216 0.904460 0.426348 0.903483 0.425123 0.902018 0.424755 0.862467 0.427328 0.852702 0.428799 0.845866 0.428064 0.841960 0.427083 0.833171 0.428186 0.830241 0.429289 0.829264 0.430637 0.830241 0.440074 0.831543 0.443260
0 0.836589 0.470466 0.838542 0.473529 0.841960 0.474510 0.845215 0.473407 0.846517 0.474142 0.847493 0.477206 0.848958 0.478186 0.854655 0.478922 0.862793 0.478431 0.865072 0.477206 0.865885 0.475858 0.870117 0.473775 0.873535 0.474265 0.876628 0.473039 0.883626 0.472672 0.886393 0.472059 0.892253 0.472304 0.902344 0.471324 0.904460 0.471569 0.905599 0.470343 0.906413 0.467402 0.906250 0.459191 0.905436 0.449265 0.904297 0.445098 0.903646 0.444608 0.900228 0.444363 0.886230 0.445466 0.884603 0.444853 0.883464 0.441789 0.880534 0.443873 0.878906 0.443260 0.877930 0.441422 0.876465 0.441176 0.863444 0.442647 0.862630 0.442279 0.860840 0.444240 0.855957 0.445098 0.835286 0.444853 0.833333 0.448529 0.833822 0.460049 0.836589 0.470466
0 0.911458 0.474142 0.912435 0.474265 0.918294 0.474632 0.922038 0.474265 0.925293 0.472917 0.930664 0.472426 0.940104 0.471814 0.942871 0.472059 0.944824 0.471569 0.949707 0.471936 0.951823 0.470343 0.951986 0.463358 0.951009 0.462010 0.949056 0.461152 0.938965 0.462010 0.932780 0.463113 0.917969 0.463848 0.915039 0.464951 0.911947 0.465441 0.910319 0.468627 0.910319 0.471814 0.911458 0.474142
0 0.839193 0.487745 0.840820 0.490931 0.841471 0.494853 0.845866 0.496691 0.846680 0.497917 0.848796 0.499020 0.853027 0.499020 0.855794 0.500000 0.862467 0.499755 0.864421 0.498775 0.867025 0.498284 0.869792 0.500245 0.873210 0.498775 0.876465 0.500000 0.881348 0.499265 0.883789 0.498529 0.884766 0.495833 0.885905 0.494608 0.890137 0.493260 0.892741 0.493015 0.894857 0.491667 0.895508 0.492279 0.897624 0.492525 0.899089 0.493260 0.900716 0.496324 0.903158 0.496569 0.904297 0.497304 0.905436 0.491299 0.907878 0.487990 0.907552 0.484191 0.908040 0.480637 0.906901 0.473897 0.904460 0.470833 0.897624 0.472917 0.893066 0.472794 0.886882 0.473529 0.883464 0.475245 0.880046 0.474632 0.877604 0.475613 0.869792 0.476716 0.866211 0.478676 0.852214 0.479779 0.848796 0.478186 0.845540 0.478922 0.841634 0.476716 0.838542 0.478431 0.838053 0.479534 0.837891 0.481495 0.839193 0.487745
0 0.909505 0.508701 0.911621 0.511642 0.914551 0.512377 0.921387 0.513480 0.932292 0.512623 0.933268 0.512010 0.934408 0.509926 0.936523 0.509314 0.938802 0.507843 0.940430 0.508578 0.941406 0.510417 0.945964 0.512255 0.949544 0.510784 0.956543 0.510907 0.960124 0.508946 0.961100 0.494730 0.960124 0.491299 0.956868 0.490319 0.952799 0.490319 0.945964 0.491176 0.943034 0.492034 0.938965 0.491789 0.935872 0.493015 0.932943 0.493382 0.918294 0.494363 0.915365 0.493627 0.912760 0.493750 0.910807 0.494730 0.909180 0.498529 0.908854 0.501716 0.909505 0.508701
0 0.909831 0.543873 0.911133 0.546936 0.918294 0.546446 0.919271 0.545466 0.923828 0.544485 0.924642 0.543505 0.925130 0.539951 0.924642 0.537071 0.926432 0.536029 0.932129 0.534681 0.935384 0.534681 0.936361 0.533946 0.939290 0.534069 0.942383 0.532108 0.946126 0.531985 0.948730 0.531127 0.950358 0.531250 0.952962 0.532598 0.958659 0.532108 0.959635 0.531618 0.960449 0.519730 0.960124 0.515809 0.958984 0.513358 0.956706 0.512132 0.952311 0.512132 0.925618 0.514828 0.911296 0.514093 0.908203 0.515564 0.907878 0.516176 0.907389 0.529902 0.909831 0.543873
0 0.911296 0.547304 0.925618 0.547304 0.929850 0.545833 0.935547 0.544853 0.946615 0.544853 0.957520 0.544240 0.959310 0.543627 0.960124 0.542402 0.960449 0.535172 0.959961 0.532353 0.956543 0.529657 0.951335 0.530637 0.944336 0.530637 0.942546 0.530147 0.939941 0.530882 0.935710 0.530760 0.922038 0.535662 0.918294 0.535662 0.915527 0.536397 0.916341 0.539828 0.914714 0.540686 0.911296 0.538848 0.910319 0.542034 0.910319 0.546814 0.911296 0.547304
0 0.852376 0.531005 0.859538 0.527819 0.864909 0.527083 0.897461 0.531495 0.898275 0.530637 0.901042 0.529902 0.901042 0.525735 0.902018 0.525368 0.902995 0.523775 0.904622 0.512500 0.904622 0.508578 0.901855 0.505637 0.897298 0.504779 0.885742 0.504657 0.878581 0.503676 0.855632 0.503431 0.848958 0.502206 0.847982 0.504412 0.849772 0.525980 0.852376 0.531005
0 0.852214 0.551593 0.853190 0.552083 0.855306 0.552574 0.868815 0.552328 0.880046 0.551103 0.882812 0.549755 0.890137 0.551225 0.892253 0.551225 0.897624 0.550123 0.899740 0.548284 0.900553 0.546814 0.902507 0.536397 0.900716 0.534436 0.897461 0.532966 0.894531 0.533578 0.890462 0.533088 0.852376 0.534804 0.851074 0.536520 0.850423 0.539706 0.850260 0.547059 0.852214 0.551593
0 0.087077 0.041176 0.086589 0.040564 0.083171 0.040686 0.083496 0.041789 0.087077 0.041176
