2 0.471680 0.567892 0.472819 0.570098 0.477214 0.571814 0.488444 0.572181 0.519206 0.568505 0.520345 0.567647 0.521647 0.553799 0.520345 0.529412 0.518880 0.522426 0.516276 0.518995 0.512044 0.516176 0.506999 0.515564 0.477214 0.515564 0.473796 0.517034 0.471354 0.518995 0.468913 0.522426 0.467936 0.525613 0.469238 0.557230 0.471680 0.567892
2 0.358561 0.510417 0.360189 0.514583 0.387044 0.523775 0.408040 0.516789 0.411458 0.512255 0.411947 0.507721 0.410645 0.480882 0.409180 0.473897 0.408040 0.472426 0.397786 0.470098 0.390299 0.469975 0.359375 0.472917 0.356120 0.473897 0.355143 0.476716 0.356120 0.498284 0.358561 0.510417
2 0.442057 0.453064 0.444336 0.456618 0.446126 0.457966 0.448143 0.471129 0.479805 0.470670 0.493810 0.464706 0.492676 0.456495 0.493164 0.451471 0.491536 0.431863 0.491048 0.430760 0.488444 0.428799 0.469889 0.428676 0.449056 0.430392 0.441243 0.431985 0.440755 0.433946 0.442057 0.453064
2 0.414876 0.515931 0.416667 0.519363 0.418294 0.520466 0.432943 0.523162 0.442546 0.522917 0.463379 0.518627 0.465820 0.515686 0.465820 0.505025 0.464518 0.480392 0.462728 0.473529 0.458008 0.471201 0.435710 0.468015 0.427897 0.468015 0.415202 0.469485 0.412760 0.470466 0.411133 0.473529 0.411947 0.498529 0.414876 0.515931
2 0.470540 0.501961 0.471191 0.505147 0.472819 0.506863 0.477214 0.507230 0.515951 0.506618 0.517415 0.505882 0.519206 0.474142 0.518555 0.466912 0.515625 0.465319 0.509115 0.463480 0.501628 0.464093 0.470866 0.470343 0.468587 0.472426 0.467773 0.474265 0.467122 0.477451 0.470540 0.501961
2 0.536296 0.549632 0.543294 0.554044 0.563639 0.557475 0.577962 0.553064 0.581543 0.550490 0.582520 0.547181 0.582194 0.512990 0.581706 0.508578 0.579590 0.505147 0.578125 0.504167 0.574707 0.503431 0.567871 0.503064 0.553548 0.503064 0.543294 0.504289 0.536458 0.506127 0.533854 0.508701 0.533366 0.511520 0.534180 0.539951 0.536296 0.549632
2 0.475911 0.617279 0.477214 0.619485 0.480632 0.620833 0.505859 0.623284 0.517741 0.620833 0.525879 0.618015 0.527832 0.616176 0.527995 0.613603 0.526530 0.585049 0.524414 0.571814 0.522786 0.569730 0.518880 0.569240 0.473958 0.573162 0.473145 0.573897 0.475098 0.613113 0.475911 0.617279
2 0.527832 0.609436 0.529460 0.614093 0.536296 0.615319 0.550293 0.616422 0.560872 0.614828 0.568197 0.612745 0.572754 0.609436 0.572591 0.598284 0.569824 0.564093 0.568685 0.562255 0.564290 0.559559 0.539876 0.557721 0.529297 0.559926 0.525065 0.562868 0.524089 0.565564 0.523600 0.571446 0.527832 0.609436
2 0.572266 0.585539 0.573730 0.606250 0.574870 0.609069 0.577799 0.610172 0.588379 0.611642 0.601074 0.611887 0.619954 0.609069 0.623210 0.606127 0.623535 0.602083 0.620443 0.560784 0.619629 0.559069 0.617188 0.557230 0.609375 0.555760 0.594889 0.555025 0.577962 0.556740 0.574544 0.558333 0.572917 0.560662 0.571615 0.564216 0.572266 0.585539
2 0.624674 0.602574 0.625814 0.604044 0.626953 0.604412 0.648763 0.603676 0.661621 0.602451 0.669434 0.599020 0.670247 0.595711 0.670573 0.564951 0.669434 0.546201 0.668945 0.543627 0.665365 0.539951 0.661296 0.538603 0.609375 0.541667 0.607422 0.543382 0.607585 0.553309 0.624674 0.602574
2 0.664225 0.536275 0.668294 0.539828 0.671712 0.541544 0.688965 0.544608 0.692708 0.544240 0.693359 0.543382 0.694336 0.526471 0.693359 0.480637 0.692383 0.479412 0.689290 0.478064 0.681803 0.477696 0.668945 0.479534 0.664876 0.480882 0.661296 0.483211 0.662923 0.526961 0.664225 0.536275
2 0.572591 0.500000 0.586589 0.529534 0.591960 0.531495 0.595540 0.530760 0.598796 0.529657 0.606120 0.473897 0.603027 0.472672 0.577962 0.471936 0.574544 0.472672 0.572428 0.474020 0.571615 0.478309 0.572591 0.500000
2 0.599772 0.522672 0.601074 0.527574 0.602376 0.529657 0.611654 0.536029 0.615723 0.537377 0.637044 0.540074 0.655762 0.536520 0.658366 0.532966 0.660645 0.525980 0.660970 0.519485 0.658854 0.487377 0.657715 0.483701 0.650879 0.478186 0.647949 0.477328 0.612630 0.477819 0.602051 0.479289 0.599447 0.480882 0.598958 0.482966 0.598796 0.508333 0.599772 0.522672
2 0.671712 0.595466 0.674479 0.598897 0.682129 0.602819 0.692708 0.603431 0.694010 0.602328 0.694987 0.598897 0.694010 0.547181 0.692546 0.545343 0.682129 0.543015 0.674479 0.542157 0.671875 0.542525 0.670736 0.543750 0.670573 0.579657 0.671712 0.595466
