2 0.200437 0.395064 0.220353 0.395921 0.220922 0.347046 0.198873 0.346607 0.200437 0.395064
2 0.197877 0.444796 0.216085 0.445225 0.220353 0.398279 0.197592 0.396413 0.197877 0.444796
2 0.220353 0.395278 0.251649 0.394850 0.255632 0.375557 0.253641 0.373199 0.258193 0.372770 0.263883 0.369340 0.260469 0.366982 0.267582 0.366768 0.267866 0.358622 0.274410 0.359479 0.273272 0.347475 0.221491 0.345321 0.220353 0.395278
2 0.217792 0.445868 0.250796 0.448012 0.251934 0.398708 0.219784 0.397377 0.217792 0.445868
2 0.295085 0.418995 0.296061 0.420711 0.299967 0.422059 0.305339 0.422426 0.317871 0.422794 0.320475 0.421814 0.321126 0.418750 0.320638 0.393382 0.319173 0.390564 0.317708 0.389828 0.296875 0.388725 0.294596 0.393750 0.294108 0.409191 0.295085 0.418995
2 0.294922 0.453186 0.314128 0.455147 0.317871 0.454167 0.318522 0.453064 0.320638 0.425245 0.317871 0.424142 0.309733 0.423407 0.296875 0.423407 0.294759 0.424020 0.293294 0.425490 0.292806 0.437868 0.292480 0.449755 0.294922 0.453186
2 0.322266 0.421814 0.327799 0.422794 0.341960 0.423652 0.345378 0.423039 0.346842 0.421569 0.347819 0.418750 0.353353 0.390564 0.327799 0.387990 0.322591 0.389093 0.320638 0.392034 0.320801 0.408333 0.322266 0.421814
2 0.374984 0.426884 0.404573 0.428170 0.404460 0.415931 0.430664 0.408211 0.431803 0.407230 0.432617 0.400490 0.432292 0.394485 0.431152 0.392402 0.428711 0.390809 0.398763 0.389338 0.383626 0.389706 0.379557 0.390564 0.377604 0.393873 0.375977 0.411765 0.374984 0.426884
2 0.346029 0.456495 0.348633 0.457966 0.373210 0.460539 0.373861 0.460049 0.375977 0.429534 0.375488 0.428064 0.373210 0.426471 0.348796 0.424265 0.346191 0.425613 0.345378 0.432475 0.345215 0.453186 0.346029 0.456495
2 0.319010 0.454412 0.321126 0.455882 0.343099 0.455515 0.344889 0.453431 0.345378 0.425245 0.339518 0.424020 0.323893 0.424020 0.321126 0.424510 0.319661 0.425980 0.318197 0.431985 0.318034 0.453186 0.319010 0.454412
2 0.348633 0.415686 0.346364 0.424144 0.374313 0.425885 0.375163 0.412623 0.376139 0.404412 0.376139 0.394608 0.375000 0.391912 0.373372 0.390931 0.367025 0.390564 0.355794 0.391054 0.348958 0.392279 0.347819 0.393873 0.346517 0.411887 0.348633 0.415686
2 0.374512 0.460539 0.376628 0.461397 0.397298 0.463480 0.402018 0.463113 0.403483 0.460049 0.404297 0.443627 0.404134 0.432598 0.402832 0.428309 0.401204 0.427206 0.381022 0.426348 0.376628 0.427328 0.374837 0.428799 0.374023 0.446446 0.373698 0.459804 0.374512 0.460539
2 0.446126 0.403431 0.470540 0.397181 0.472005 0.396201 0.473470 0.391789 0.473958 0.376471 0.473145 0.375245 0.460775 0.374020 0.450033 0.373897 0.445964 0.374755 0.443034 0.376471 0.444173 0.396324 0.446126 0.403431
2 0.444173 0.407721 0.446126 0.409069 0.466960 0.408578 0.473470 0.406740 0.474447 0.404657 0.473633 0.375490 0.472656 0.374877 0.467122 0.374265 0.454427 0.374020 0.445964 0.375000 0.443522 0.376716 0.442871 0.404657 0.444173 0.407721
2 0.475260 0.407843 0.477376 0.408946 0.495280 0.409069 0.497070 0.408578 0.498210 0.407843 0.498698 0.405270 0.499512 0.377206 0.498861 0.373284 0.498210 0.372672 0.496094 0.372426 0.478027 0.372917 0.475911 0.373897 0.474284 0.376838 0.474121 0.402941 0.475260 0.407843
6 0.552246 0.763358 0.553874 0.764216 0.557292 0.762990 0.562500 0.766054 0.564941 0.768260 0.567708 0.769485 0.569010 0.770956 0.571126 0.778799 0.571777 0.774877 0.573079 0.772549 0.572266 0.769485 0.573242 0.765931 0.572754 0.762255 0.573079 0.758333 0.572266 0.755392 0.572754 0.751225 0.578125 0.749265 0.586751 0.748652 0.591797 0.747794 0.596354 0.746078 0.597493 0.744730 0.595378 0.743382 0.593262 0.742770 0.591960 0.741299 0.587891 0.739706 0.564290 0.733333 0.562337 0.733578 0.560710 0.734436 0.557292 0.733946 0.553385 0.736765 0.550456 0.741422 0.549154 0.750858 0.548991 0.755760 0.552246 0.763358
6 0.570312 0.764828 0.571940 0.768873 0.575033 0.773162 0.574219 0.775980 0.574544 0.776593 0.576660 0.774755 0.578125 0.774632 0.581380 0.775858 0.582845 0.776961 0.584961 0.777451 0.595378 0.784069 0.598958 0.782230 0.606608 0.780760 0.613118 0.780147 0.619466 0.778554 0.623535 0.776716 0.626953 0.776103 0.630208 0.774142 0.633626 0.770833 0.637044 0.770343 0.640137 0.769118 0.641927 0.767647 0.643392 0.765319 0.644206 0.762132 0.637207 0.757843 0.619466 0.750735 0.605957 0.747181 0.595378 0.745956 0.592611 0.747059 0.585449 0.747549 0.571126 0.749877 0.569661 0.751838 0.569336 0.757598 0.570312 0.764828
6 0.596029 0.797141 0.594889 0.806740 0.595378 0.808824 0.602865 0.811152 0.606445 0.812868 0.609212 0.814951 0.616374 0.816789 0.619141 0.818137 0.622233 0.818137 0.625814 0.817402 0.627930 0.810784 0.628743 0.802819 0.629557 0.800245 0.629720 0.787377 0.630534 0.780637 0.630046 0.776225 0.628581 0.777574 0.626790 0.778309 0.623047 0.778309 0.615885 0.781250 0.608887 0.781373 0.598796 0.782843 0.595378 0.785172 0.594889 0.786275 0.594727 0.789828 0.596029 0.797141
6 0.631185 0.798775 0.632975 0.800245 0.638021 0.801593 0.665039 0.813971 0.668457 0.816667 0.675293 0.817770 0.681152 0.816054 0.682780 0.812745 0.683431 0.809314 0.684245 0.791789 0.683594 0.784926 0.682292 0.781985 0.675781 0.775980 0.672038 0.775000 0.670736 0.772549 0.667480 0.771446 0.662272 0.768750 0.657878 0.768015 0.650879 0.768382 0.634766 0.772304 0.633626 0.772917 0.631348 0.775980 0.630371 0.787500 0.630208 0.796814 0.631185 0.798775
6 0.501790 0.808701 0.512207 0.812010 0.520508 0.815564 0.525879 0.818627 0.529297 0.819485 0.532878 0.820098 0.543294 0.817525 0.546224 0.810539 0.548828 0.795343 0.549316 0.782108 0.548828 0.778554 0.546875 0.776103 0.542806 0.777206 0.539876 0.776838 0.536458 0.778676 0.531250 0.778431 0.525879 0.778922 0.518880 0.781005 0.506348 0.782843 0.501628 0.785172 0.500488 0.788971 0.500814 0.802451 0.501790 0.808701
6 0.501628 0.832475 0.520833 0.838480 0.522624 0.840441 0.529297 0.842892 0.536621 0.841912 0.539876 0.840441 0.541992 0.835049 0.541178 0.830882 0.541829 0.828186 0.541667 0.824510 0.543294 0.821324 0.543294 0.817157 0.542643 0.818015 0.533203 0.821446 0.532389 0.821324 0.526042 0.819118 0.518555 0.814461 0.511230 0.811642 0.508789 0.810172 0.501790 0.809926 0.500488 0.813358 0.499837 0.819853 0.499674 0.824877 0.501628 0.832475
6 0.500488 0.852328 0.505859 0.855882 0.512207 0.859314 0.517090 0.860662 0.526042 0.867279 0.528646 0.868015 0.537272 0.867157 0.540365 0.866176 0.542806 0.864583 0.543945 0.860417 0.543457 0.848284 0.542155 0.842402 0.540365 0.840441 0.539876 0.840196 0.538086 0.840809 0.532878 0.843505 0.530382 0.843382 0.523112 0.839951 0.519043 0.836520 0.510742 0.834436 0.505371 0.831985 0.501628 0.831985 0.499837 0.838358 0.499674 0.845711 0.500488 0.852328
6 0.550293 0.776961 0.553874 0.779902 0.556966 0.780515 0.560384 0.781985 0.571126 0.788971 0.573242 0.786397 0.572754 0.775245 0.574219 0.772426 0.568034 0.767157 0.564290 0.765931 0.562174 0.763725 0.553711 0.759804 0.550293 0.762010 0.549967 0.764216 0.549479 0.773775 0.550293 0.776961
6 0.575846 0.789828 0.577962 0.790686 0.581055 0.790319 0.583984 0.791667 0.587565 0.794363 0.590495 0.794853 0.591960 0.795588 0.594238 0.786642 0.593424 0.782353 0.588867 0.778676 0.578125 0.773775 0.574707 0.774387 0.573893 0.776593 0.574382 0.786642 0.575846 0.789828
6 0.549642 0.776961 0.549479 0.793382 0.550293 0.795221 0.569987 0.805515 0.571126 0.806863 0.572917 0.800613 0.573893 0.793505 0.573242 0.792034 0.570312 0.788480 0.569499 0.786397 0.567708 0.785662 0.564941 0.785417 0.560710 0.782475 0.557292 0.781740 0.550130 0.774755 0.548991 0.775980 0.549642 0.776961
6 0.574544 0.809681 0.576172 0.810662 0.579915 0.811765 0.588542 0.817647 0.591960 0.812745 0.593424 0.807353 0.593424 0.800000 0.591960 0.795711 0.589193 0.795588 0.582520 0.792279 0.577962 0.791299 0.574544 0.792892 0.573730 0.800123 0.573568 0.807230 0.574544 0.809681
6 0.631185 0.811397 0.630859 0.819730 0.631510 0.824265 0.633626 0.828064 0.643555 0.830515 0.648275 0.833211 0.650879 0.835417 0.654622 0.834681 0.659180 0.836275 0.661458 0.838971 0.664388 0.838480 0.665365 0.834681 0.664388 0.832108 0.664225 0.828064 0.666341 0.825613 0.669596 0.824632 0.667318 0.823162 0.666504 0.821814 0.667318 0.817647 0.664551 0.814093 0.658203 0.810294 0.650716 0.808701 0.642578 0.802819 0.637207 0.800245 0.633138 0.800613 0.632161 0.801348 0.631348 0.803309 0.630697 0.807230 0.631185 0.811397
6 0.574382 0.828186 0.578125 0.827941 0.584961 0.830637 0.588379 0.833578 0.590983 0.833088 0.591960 0.832108 0.591797 0.817402 0.589355 0.814461 0.588216 0.814093 0.584961 0.815074 0.582682 0.812990 0.578125 0.810172 0.574544 0.810907 0.573730 0.814093 0.573568 0.825245 0.574382 0.828186
6 0.548012 0.814821 0.570799 0.824380 0.572915 0.809674 0.574233 0.807732 0.560364 0.801479 0.549990 0.796213 0.548352 0.801561 0.547198 0.805630 0.547036 0.812861 0.548012 0.814821
6 0.545573 0.832598 0.564128 0.843995 0.568034 0.844118 0.570150 0.842034 0.572103 0.828186 0.569987 0.821936 0.550293 0.811275 0.546875 0.814828 0.545898 0.817402 0.544922 0.831005 0.545573 0.832598
6 0.545247 0.852206 0.546712 0.854167 0.561361 0.859681 0.563802 0.860294 0.565755 0.859681 0.569173 0.848897 0.567057 0.845098 0.552897 0.836152 0.547038 0.833824 0.545085 0.834926 0.543294 0.838235 0.543294 0.845588 0.545247 0.852206
6 0.546875 0.872181 0.564453 0.880392 0.568034 0.876838 0.570312 0.866422 0.565104 0.858333 0.564290 0.857475 0.550618 0.851471 0.546712 0.853186 0.545573 0.855637 0.545410 0.866544 0.546875 0.872181
6 0.546224 0.890564 0.559082 0.897549 0.564128 0.899510 0.567708 0.899877 0.569010 0.897672 0.570150 0.886765 0.569336 0.883578 0.566406 0.879534 0.546875 0.868382 0.545410 0.875000 0.545247 0.884436 0.546224 0.890564
6 0.543092 0.904305 0.556462 0.913047 0.564453 0.916789 0.566569 0.914951 0.569173 0.907966 0.569010 0.904412 0.567546 0.902328 0.565918 0.900613 0.550293 0.891422 0.546875 0.891667 0.545573 0.893995 0.544922 0.905025 0.543092 0.904305
6 0.546712 0.931005 0.562826 0.937132 0.564616 0.937255 0.567220 0.932353 0.567220 0.924755 0.565592 0.918995 0.553711 0.909681 0.546875 0.908578 0.545573 0.911029 0.544922 0.914583 0.545410 0.928554 0.546712 0.931005
6 0.544271 0.945956 0.562988 0.957353 0.564779 0.957843 0.566732 0.957230 0.567546 0.956618 0.567871 0.954289 0.567057 0.945711 0.566081 0.941422 0.563477 0.937623 0.550130 0.928064 0.546875 0.926593 0.544759 0.928799 0.543132 0.932230 0.542806 0.941544 0.544271 0.945956
6 0.574382 0.848897 0.588542 0.854657 0.590332 0.851961 0.591960 0.839093 0.590658 0.834191 0.582031 0.827574 0.578125 0.826593 0.574382 0.826961 0.570801 0.831863 0.571126 0.846201 0.574382 0.848897
6 0.570475 0.864461 0.585722 0.871045 0.589844 0.859314 0.588867 0.854902 0.585286 0.852206 0.574707 0.847059 0.571289 0.848652 0.569661 0.852206 0.569824 0.862990 0.570475 0.864461
6 0.574544 0.885784 0.584961 0.886029 0.586426 0.883701 0.586589 0.878064 0.584635 0.868750 0.582194 0.867647 0.573568 0.866544 0.571289 0.866912 0.569987 0.868873 0.571615 0.883456 0.574544 0.885784
6 0.572428 0.904534 0.574382 0.906127 0.584961 0.909926 0.586426 0.908088 0.585124 0.886520 0.574544 0.883946 0.571940 0.887010 0.571615 0.889583 0.571289 0.897794 0.572428 0.904534
6 0.571940 0.925245 0.581543 0.933456 0.584961 0.933088 0.583452 0.927112 0.584714 0.911147 0.579669 0.909816 0.574544 0.905882 0.572591 0.907843 0.570475 0.917892 0.571940 0.925245
6 0.587565 0.908088 0.612956 0.926348 0.619792 0.929289 0.622070 0.922549 0.624186 0.904657 0.622396 0.900735 0.595052 0.886397 0.588379 0.884804 0.585775 0.887132 0.584961 0.889338 0.585449 0.904534 0.587565 0.908088
6 0.594401 0.834559 0.596354 0.836642 0.609212 0.843015 0.623047 0.847426 0.626628 0.847549 0.627930 0.845343 0.630534 0.832475 0.630534 0.827819 0.626628 0.821814 0.624349 0.819975 0.599121 0.809436 0.597819 0.809804 0.594401 0.812868 0.592773 0.818015 0.592936 0.831495 0.594401 0.834559
6 0.591309 0.859436 0.604655 0.868750 0.623210 0.876838 0.625977 0.872794 0.628906 0.855882 0.627930 0.851838 0.625977 0.848284 0.595215 0.834559 0.594401 0.835049 0.592448 0.840564 0.590820 0.849755 0.590332 0.855882 0.591309 0.859436
6 0.587240 0.883946 0.588542 0.886887 0.619792 0.901593 0.623210 0.900858 0.625000 0.898652 0.625814 0.894730 0.626302 0.881740 0.624512 0.875613 0.597331 0.860294 0.591797 0.859191 0.589030 0.863480 0.586589 0.869730 0.587240 0.883946
6 0.587402 0.934436 0.616374 0.953064 0.619629 0.951225 0.620280 0.949755 0.621257 0.935784 0.620443 0.927696 0.595540 0.912377 0.591960 0.911152 0.588379 0.911275 0.585938 0.913480 0.586263 0.932230 0.587402 0.934436
6 0.570312 0.959314 0.581543 0.967892 0.583822 0.964338 0.584635 0.961275 0.584147 0.956127 0.582031 0.948529 0.578939 0.945466 0.574707 0.943382 0.571126 0.944118 0.569661 0.946078 0.569010 0.956618 0.570312 0.959314
6 0.565543 0.939803 0.582948 0.949876 0.584209 0.933531 0.569831 0.922294 0.565543 0.939803
6 0.586100 0.956740 0.587728 0.960049 0.612793 0.976225 0.616211 0.977083 0.618164 0.974142 0.620605 0.956618 0.619629 0.954412 0.613118 0.948162 0.602376 0.940196 0.592122 0.936765 0.589193 0.936887 0.586589 0.938235 0.585124 0.942770 0.584961 0.950490 0.586100 0.956740
6 0.622559 0.973897 0.624512 0.980882 0.625488 0.982108 0.629720 0.985662 0.652669 0.999877 0.661621 0.999877 0.663737 0.980882 0.661133 0.977328 0.656413 0.973897 0.631510 0.959681 0.623210 0.957353 0.622233 0.966912 0.622559 0.973897
6 0.633626 0.964216 0.659505 0.977451 0.661133 0.978064 0.662760 0.977574 0.665690 0.974265 0.667480 0.956495 0.666992 0.953186 0.630208 0.933456 0.626790 0.934069 0.625814 0.935172 0.623372 0.946078 0.623210 0.957475 0.633626 0.964216
6 0.627279 0.931863 0.657878 0.950123 0.664551 0.950735 0.668783 0.950368 0.671712 0.946446 0.671712 0.945098 0.666016 0.928676 0.661784 0.923284 0.647624 0.914706 0.633301 0.907230 0.626628 0.906373 0.624674 0.907843 0.623372 0.911029 0.623861 0.928799 0.627279 0.931863
6 0.626790 0.904289 0.661296 0.921936 0.668294 0.922426 0.669108 0.900980 0.661458 0.890196 0.640462 0.882966 0.633626 0.881005 0.630046 0.880637 0.628092 0.881740 0.626953 0.883578 0.626139 0.890441 0.625651 0.901348 0.626790 0.904289
6 0.629232 0.879902 0.661458 0.894975 0.663086 0.894485 0.668294 0.889706 0.668783 0.888235 0.669759 0.879044 0.668620 0.873284 0.664062 0.869608 0.646973 0.859314 0.636882 0.854657 0.633952 0.854044 0.630208 0.854657 0.628743 0.862377 0.627767 0.876716 0.629232 0.879902
6 0.630208 0.853309 0.631348 0.854289 0.665039 0.868873 0.668294 0.869730 0.671712 0.869730 0.668457 0.850980 0.664714 0.841544 0.636556 0.827819 0.633464 0.828431 0.631510 0.830270 0.629395 0.841789 0.629395 0.849387 0.630208 0.853309
4 0.433105 0.771324 0.434245 0.775858 0.435710 0.777083 0.449544 0.780882 0.452311 0.776225 0.452637 0.757353 0.449219 0.756618 0.439128 0.758211 0.435710 0.759436 0.433105 0.761520 0.432454 0.762132 0.433105 0.771324
4 0.422733 0.864406 0.441485 0.874825 0.443125 0.860344 0.423670 0.848281 0.422733 0.864406
4 0.404215 0.851160 0.421561 0.864052 0.423436 0.849394 0.405739 0.838221 0.404215 0.851160
4 0.404215 0.835442 0.423202 0.846039 0.424608 0.834383 0.407497 0.822338 0.404215 0.835442
4 0.422030 0.847452 0.442422 0.859461 0.445938 0.843919 0.426835 0.833986 0.422030 0.847452
4 0.425311 0.833853 0.425780 0.819371 0.407497 0.809366 0.406560 0.822903 0.425311 0.833853
4 0.408292 0.807633 0.426525 0.818567 0.428199 0.804549 0.409408 0.795621 0.408292 0.807633
4 0.409036 0.795718 0.428199 0.804689 0.429501 0.789970 0.411920 0.780281 0.409036 0.795718
4 0.412385 0.765719 0.412385 0.779597 0.429501 0.788849 0.429129 0.774130 0.432106 0.773989 0.432106 0.760532 0.414431 0.765152 0.412385 0.765719
4 0.429501 0.788428 0.448851 0.798942 0.450711 0.783241 0.431455 0.774818 0.429501 0.788428
4 0.428013 0.804829 0.447177 0.814782 0.449595 0.800344 0.430897 0.789527 0.428013 0.804829
4 0.427641 0.819128 0.445130 0.828240 0.446804 0.814502 0.429501 0.806337 0.427641 0.819128
4 0.425222 0.833707 0.444758 0.844080 0.446060 0.829641 0.428385 0.820206 0.425222 0.833707
