2 0.005323 0.066944 0.027891 0.063579 0.056419 0.067905 0.047051 0.026811 0.030445 0.021764 0.000000 0.022454 0.005323 0.066944
2 0.058548 0.064060 0.105387 0.063579 0.092613 0.022244 0.063658 0.020802 0.047265 0.024256 0.058548 0.064060
2 0.105729 0.064366 0.128211 0.062895 0.156883 0.065101 0.147434 0.023359 0.126582 0.020233 0.108010 0.019497 0.097746 0.024624 0.105729 0.064366
2 0.153932 0.063590 0.197244 0.063259 0.187879 0.021308 0.170320 0.018335 0.151005 0.022942 0.153932 0.063590
2 0.000000 0.204000 0.007092 0.203000 0.019060 0.204750 0.026152 0.204750 0.032801 0.204250 0.035018 0.203000 0.032801 0.189750 0.029699 0.185250 0.019060 0.182000 0.010195 0.184000 0.000000 0.184000 0.000000 0.204000
2 0.035904 0.200250 0.039894 0.203500 0.074911 0.204000 0.077571 0.203000 0.074468 0.187750 0.067376 0.182000 0.048759 0.183750 0.033245 0.181500 0.032801 0.187250 0.035904 0.200250
2 0.078014 0.201000 0.081560 0.204500 0.088209 0.205500 0.102394 0.205500 0.111702 0.203750 0.119681 0.204000 0.120124 0.192500 0.115691 0.184000 0.095301 0.181750 0.093085 0.182500 0.088652 0.181250 0.084663 0.182250 0.078014 0.180000 0.076241 0.181000 0.076241 0.195000 0.078014 0.201000
2 0.162676 0.100415 0.205864 0.099765 0.195500 0.062066 0.190893 0.062066 0.167859 0.063040 0.156342 0.065930 0.162676 0.100415
2 0.112002 0.101390 0.163252 0.100415 0.157494 0.066940 0.148856 0.064665 0.121791 0.062715 0.106243 0.064955 0.112002 0.101390
2 0.105668 0.064990 0.062479 0.064015 0.054993 0.066615 0.065646 0.102467 0.112578 0.101715 0.105668 0.064990
2 0.014684 0.103340 0.063055 0.102365 0.053841 0.066940 0.025049 0.064015 0.005183 0.067391 0.014684 0.103340
2 0.000000 0.103634 0.013482 0.103323 0.005228 0.068539 0.000000 0.066650 0.000000 0.103634
2 0.000768 0.164884 0.025958 0.164884 0.020736 0.143732 0.000000 0.144066 0.000768 0.164884
2 0.001690 0.186209 0.029952 0.187076 0.026573 0.164711 0.000000 0.165897 0.001690 0.186209
2 0.027801 0.164884 0.070502 0.163844 0.060365 0.143905 0.021965 0.144599 0.027801 0.164884
2 0.031795 0.185342 0.075110 0.185863 0.070195 0.164190 0.028570 0.166417 0.031795 0.185342
2 0.114432 0.163670 0.109516 0.142172 0.068659 0.143026 0.071117 0.164017 0.114432 0.163670
2 0.075725 0.186036 0.119654 0.185169 0.116889 0.164537 0.072806 0.164857 0.075725 0.186036
2 0.156825 0.155348 0.153139 0.138531 0.118886 0.138868 0.123033 0.156388 0.156825 0.155348
2 0.159283 0.155001 0.170956 0.155001 0.170956 0.152401 0.192460 0.151881 0.190310 0.137837 0.154828 0.138089 0.159283 0.155001
2 0.193689 0.151534 0.229938 0.151014 0.228402 0.137144 0.191231 0.138348 0.193689 0.151534
2 0.242227 0.152748 0.262195 0.153441 0.261580 0.136277 0.233164 0.136789 0.234239 0.150147 0.242227 0.152748
2 0.126105 0.172166 0.159897 0.172166 0.155289 0.156562 0.121651 0.156801 0.126105 0.172166
2 0.123033 0.188290 0.162969 0.189677 0.158668 0.172512 0.123494 0.172654 0.123033 0.188290
2 0.127027 0.203894 0.162969 0.203720 0.158976 0.190024 0.123955 0.190327 0.127027 0.203894
2 0.161126 0.171646 0.173721 0.170779 0.170956 0.154308 0.156672 0.155501 0.161126 0.171646
2 0.163276 0.189330 0.178329 0.189157 0.173721 0.171646 0.158054 0.172134 0.163276 0.189330
2 0.165734 0.203547 0.180787 0.202853 0.178329 0.188810 0.161280 0.189806 0.165734 0.203547
2 0.211507 0.185342 0.178943 0.186903 0.180633 0.202801 0.215500 0.201813 0.211507 0.185342
2 0.209356 0.168698 0.173721 0.169218 0.177868 0.186428 0.213043 0.186036 0.209356 0.168698
2 0.206591 0.152574 0.172800 0.152227 0.174182 0.169535 0.207820 0.168872 0.206591 0.152574
2 0.210892 0.169738 0.245913 0.169912 0.242534 0.151187 0.211199 0.151187 0.206438 0.153162 0.210892 0.169738
2 0.213657 0.186903 0.248678 0.186209 0.247142 0.170085 0.209664 0.170575 0.213657 0.186903
2 0.217958 0.201987 0.249292 0.201987 0.245605 0.186903 0.212428 0.186168 0.217958 0.201987
2 0.245913 0.187770 0.248678 0.202160 0.270949 0.201242 0.268031 0.187076 0.245913 0.187770
2 0.245605 0.170259 0.247449 0.186209 0.267724 0.186688 0.264959 0.170259 0.245605 0.170259
2 0.243148 0.154481 0.247142 0.169912 0.266342 0.169275 0.263116 0.154308 0.243148 0.154481
