2 0.780750 0.507667 0.778750 0.511667 0.778500 0.519000 0.780250 0.529333 0.782250 0.533000 0.785250 0.553000 0.786500 0.555667 0.789500 0.558000 0.797250 0.555333 0.809500 0.553000 0.828000 0.552000 0.828000 0.549000 0.826500 0.544000 0.826500 0.539667 0.817750 0.503667 0.816250 0.501667 0.810750 0.499000 0.804000 0.497667 0.803750 0.497333 0.790000 0.500667 0.780750 0.507667
2 0.790000 0.558667 0.783500 0.567667 0.784000 0.577333 0.785750 0.586667 0.790500 0.603000 0.791750 0.616333 0.794250 0.623000 0.796750 0.625333 0.800750 0.625333 0.804000 0.623333 0.812250 0.625000 0.835500 0.626000 0.845750 0.624333 0.847250 0.623000 0.846000 0.608667 0.843000 0.599000 0.842750 0.594667 0.840000 0.588000 0.839500 0.581000 0.835250 0.561000 0.833000 0.559667 0.831500 0.557000 0.828000 0.555000 0.822250 0.554000 0.821000 0.554000 0.810750 0.554333 0.790000 0.558667
2 0.748000 0.557667 0.736250 0.564000 0.733750 0.567000 0.733750 0.572000 0.737000 0.595000 0.737000 0.602333 0.740500 0.619000 0.744500 0.623333 0.759500 0.624000 0.769000 0.622333 0.771250 0.623333 0.783250 0.623000 0.788250 0.624333 0.793000 0.623333 0.790500 0.616000 0.790000 0.606667 0.788000 0.602000 0.781000 0.565667 0.776250 0.558000 0.769500 0.556000 0.768250 0.556000 0.753000 0.558000 0.748000 0.557667
2 0.689250 0.618333 0.695750 0.621667 0.707250 0.618667 0.732750 0.621000 0.737750 0.623000 0.738000 0.615667 0.734750 0.584667 0.731000 0.565333 0.727250 0.558333 0.723750 0.555333 0.722250 0.556333 0.692500 0.557667 0.691000 0.559333 0.685500 0.561000 0.683250 0.566000 0.687750 0.611667 0.689250 0.618333
2 0.685750 0.558000 0.689000 0.558333 0.694250 0.556000 0.723250 0.551333 0.724000 0.545667 0.721500 0.532000 0.721250 0.525333 0.717750 0.508333 0.714750 0.504000 0.707000 0.500333 0.696250 0.499667 0.681750 0.509000 0.680250 0.514333 0.680500 0.526000 0.685750 0.558000
2 0.633500 0.519667 0.635000 0.527667 0.634750 0.541667 0.637000 0.552667 0.640500 0.551667 0.648750 0.546000 0.654250 0.544667 0.665750 0.546000 0.672500 0.552000 0.673500 0.546667 0.672500 0.525333 0.670500 0.510000 0.668000 0.504667 0.664750 0.501333 0.661500 0.500000 0.654000 0.499333 0.641750 0.501667 0.634500 0.508667 0.633500 0.511667 0.633500 0.519667
2 0.637500 0.574333 0.638500 0.581667 0.641000 0.619333 0.645250 0.620000 0.651483 0.620446 0.657493 0.621222 0.662146 0.621998 0.668349 0.622515 0.679012 0.621481 0.687930 0.623033 0.685500 0.598000 0.683471 0.577508 0.683083 0.562506 0.675000 0.557667 0.670288 0.553194 0.665635 0.553453 0.659432 0.552677 0.654585 0.553970 0.649738 0.553453 0.644250 0.554667 0.640000 0.554000 0.637000 0.555000 0.635750 0.557333 0.635250 0.567667 0.637500 0.574333
2 0.731000 0.537667 0.734250 0.562667 0.738250 0.560667 0.742750 0.554667 0.746750 0.552333 0.751750 0.553667 0.758750 0.553667 0.762437 0.552333 0.769000 0.552667 0.772250 0.554667 0.773500 0.553667 0.773000 0.546667 0.766000 0.512000 0.764500 0.508333 0.761000 0.504333 0.755250 0.501667 0.741250 0.502333 0.731750 0.508667 0.726750 0.515000 0.726500 0.521667 0.731000 0.537667
4 0.430312 0.719681 0.449592 0.718679 0.450594 0.703645 0.430437 0.703289 0.430312 0.719681
4 0.429302 0.736370 0.448583 0.735368 0.449584 0.720334 0.429427 0.719978 0.429302 0.736370
4 0.429294 0.752058 0.448575 0.751055 0.449576 0.736021 0.429419 0.735665 0.429294 0.752058
4 0.429036 0.769749 0.448340 0.770797 0.449318 0.753713 0.429161 0.753357 0.429036 0.769749
4 0.427525 0.786773 0.446830 0.787821 0.447808 0.770736 0.427651 0.770380 0.427525 0.786773
4 0.427017 0.803462 0.446321 0.804510 0.447299 0.787426 0.427142 0.787070 0.427017 0.803462
4 0.451547 0.735626 0.470852 0.736674 0.471830 0.719590 0.451673 0.719234 0.451547 0.735626
4 0.449787 0.754320 0.469091 0.755368 0.470069 0.738284 0.449912 0.737928 0.449787 0.754320
4 0.451031 0.769339 0.470336 0.770387 0.471313 0.753303 0.451156 0.752947 0.451031 0.769339
4 0.450271 0.787365 0.469576 0.788413 0.470554 0.771329 0.450397 0.770973 0.450271 0.787365
4 0.449262 0.804055 0.469374 0.804206 0.469544 0.788018 0.449387 0.787662 0.449262 0.804055
4 0.472291 0.734882 0.491596 0.735930 0.492573 0.718846 0.472416 0.718490 0.472291 0.734882
4 0.472533 0.752908 0.491838 0.753956 0.492815 0.736872 0.472658 0.736516 0.472533 0.752908
4 0.472525 0.770934 0.491830 0.771982 0.492808 0.754898 0.472650 0.754542 0.472525 0.770934
4 0.471515 0.787957 0.490820 0.789005 0.491798 0.771921 0.471641 0.771565 0.471515 0.787957
4 0.471257 0.804981 0.490562 0.806029 0.491539 0.788945 0.471382 0.788589 0.471257 0.804981
