1 0.534180 0.366992 0.549316 0.374593 0.553955 0.372964 0.554443 0.348534 0.553467 0.331162 0.552002 0.327904 0.539307 0.320847 0.530518 0.318675 0.528320 0.320304 0.527588 0.328447 0.534180 0.366992
1 0.591064 0.385451 0.595947 0.383279 0.596191 0.355049 0.593506 0.338762 0.560547 0.330619 0.554443 0.331705 0.554932 0.374593 0.591064 0.385451
1 0.598633 0.387079 0.636719 0.397937 0.640869 0.393594 0.637939 0.349077 0.606689 0.337134 0.597412 0.341477 0.597656 0.383279 0.598633 0.387079
1 0.585938 0.334962 0.635742 0.346363 0.639404 0.345820 0.642090 0.338219 0.640625 0.304560 0.636963 0.298588 0.605469 0.284473 0.602051 0.285559 0.587158 0.299674 0.584473 0.303474 0.583496 0.308360 0.583252 0.328447 0.585938 0.334962
1 0.541748 0.421824 0.553955 0.425081 0.554932 0.422367 0.556152 0.397394 0.553711 0.376764 0.536621 0.366992 0.533203 0.371336 0.534668 0.416938 0.541748 0.421824
1 0.555176 0.425081 0.556152 0.426710 0.593506 0.434853 0.597412 0.433225 0.597900 0.406080 0.596191 0.388708 0.570312 0.380022 0.555176 0.378936 0.554688 0.412595 0.555176 0.425081
1 0.633545 0.444083 0.639893 0.442454 0.638428 0.403366 0.632812 0.397394 0.623535 0.394137 0.604004 0.389251 0.598145 0.390879 0.599121 0.435939 0.633545 0.444083
1 0.521484 0.463084 0.522949 0.466341 0.552734 0.475570 0.556396 0.473398 0.556152 0.443540 0.553711 0.429425 0.547363 0.425081 0.536133 0.422910 0.525635 0.426167 0.522949 0.428882 0.521729 0.435396 0.521240 0.457112 0.521484 0.463084
1 0.595215 0.484256 0.598877 0.483170 0.599609 0.461998 0.598877 0.441911 0.597656 0.437568 0.565186 0.429425 0.556641 0.431596 0.557129 0.475570 0.595215 0.484256
1 0.600830 0.484256 0.634277 0.491314 0.640381 0.490228 0.639893 0.451683 0.638184 0.445711 0.610352 0.438654 0.600342 0.439739 0.599121 0.442454 0.600830 0.484256
1 0.678711 0.499457 0.681885 0.497828 0.681152 0.470684 0.678955 0.457112 0.673340 0.452769 0.651123 0.444625 0.643799 0.444083 0.642090 0.446254 0.642334 0.491314 0.678711 0.499457
1 0.644531 0.442454 0.677490 0.454397 0.681152 0.449511 0.680664 0.431596 0.677246 0.410423 0.644043 0.397394 0.640381 0.400651 0.640381 0.428339 0.644531 0.442454
1 0.608643 0.826819 0.611816 0.830076 0.683350 0.824104 0.686523 0.822476 0.687988 0.818132 0.689209 0.782302 0.688232 0.764387 0.685547 0.757872 0.632080 0.762215 0.606934 0.770901 0.603027 0.774701 0.606934 0.817590 0.608643 0.826819
1 0.669266 0.405586 0.677364 0.406230 0.680545 0.431329 0.719880 0.435191 0.716409 0.385635 0.676496 0.376625 0.667241 0.380417 0.669266 0.405586
1 0.723640 0.503410 0.720169 0.434547 0.681124 0.434441 0.682859 0.499548 0.723640 0.503410
6 0.279297 0.245385 0.324951 0.244300 0.327881 0.233985 0.328369 0.206298 0.327637 0.199240 0.324463 0.195983 0.297607 0.183496 0.292969 0.183496 0.275879 0.206298 0.268555 0.219870 0.269043 0.226927 0.279297 0.245385
6 0.202881 0.282845 0.205078 0.272530 0.208008 0.225841 0.206543 0.222584 0.168213 0.205212 0.164795 0.213355 0.162598 0.247557 0.162354 0.258415 0.202881 0.282845
6 0.199707 0.352334 0.240723 0.365364 0.242432 0.363192 0.245117 0.331162 0.244385 0.313789 0.206787 0.304560 0.201416 0.306732 0.198730 0.313789 0.198486 0.338219 0.199707 0.352334
6 0.247314 0.332248 0.275635 0.339848 0.282471 0.339305 0.285889 0.334419 0.287598 0.313789 0.287598 0.288274 0.283447 0.285016 0.261963 0.281216 0.250488 0.280130 0.248291 0.282302 0.245850 0.314332 0.247314 0.332248
6 0.196045 0.411509 0.233643 0.418024 0.237793 0.417481 0.239014 0.414767 0.240479 0.369707 0.238037 0.365364 0.199219 0.353963 0.196777 0.359392 0.195312 0.382193 0.194092 0.406080 0.196045 0.411509
6 0.194580 0.464712 0.233398 0.470141 0.237793 0.456569 0.239014 0.425081 0.234131 0.419653 0.226807 0.416938 0.197510 0.412052 0.195068 0.414767 0.194092 0.438111 0.193604 0.463084 0.194580 0.464712
6 0.229980 0.530945 0.234619 0.530945 0.236572 0.527144 0.236572 0.479370 0.235352 0.472313 0.197998 0.466341 0.195068 0.466341 0.193115 0.469598 0.192871 0.526602 0.229980 0.530945
6 0.244873 0.385993 0.282471 0.396851 0.285889 0.393594 0.286865 0.365907 0.286377 0.348534 0.284912 0.343648 0.247559 0.334419 0.244873 0.344734 0.243408 0.370793 0.244873 0.385993
6 0.242188 0.440282 0.246582 0.442997 0.277832 0.447340 0.281494 0.445168 0.282471 0.435939 0.281738 0.403909 0.280762 0.397394 0.278076 0.393594 0.243652 0.387622 0.241699 0.389794 0.240479 0.395765 0.241211 0.438111 0.242188 0.440282
6 0.239258 0.491857 0.240479 0.498371 0.270020 0.503800 0.278809 0.503800 0.282715 0.498371 0.283447 0.472856 0.282715 0.452769 0.281738 0.451140 0.248535 0.444083 0.240967 0.445711 0.239014 0.473398 0.239258 0.491857
6 0.237793 0.562432 0.275146 0.562432 0.277100 0.557546 0.277832 0.549946 0.278564 0.508686 0.276123 0.505972 0.239502 0.501629 0.237305 0.504886 0.235840 0.535831 0.235352 0.557546 0.237793 0.562432
6 0.291992 0.288274 0.326416 0.295331 0.328369 0.289902 0.328613 0.283931 0.327393 0.248100 0.300537 0.237242 0.292725 0.236699 0.286133 0.249729 0.279541 0.274701 0.280029 0.281216 0.291992 0.288274
6 0.288818 0.345277 0.320801 0.354506 0.324707 0.353420 0.327637 0.346363 0.328369 0.324104 0.326904 0.298588 0.290771 0.289359 0.289307 0.289902 0.289062 0.292617 0.287354 0.333876 0.288818 0.345277
6 0.346191 0.303474 0.361816 0.307275 0.364258 0.305646 0.365234 0.278502 0.363037 0.261672 0.334229 0.248100 0.331299 0.247557 0.329102 0.250814 0.329590 0.294788 0.346191 0.303474
6 0.346191 0.353963 0.362305 0.359935 0.364014 0.358306 0.366943 0.340934 0.366943 0.317590 0.365967 0.312704 0.360840 0.307818 0.334961 0.297503 0.331055 0.298046 0.329346 0.302389 0.330322 0.344734 0.346191 0.353963
6 0.356934 0.411509 0.363770 0.407709 0.366211 0.394137 0.365723 0.371878 0.362549 0.361564 0.331787 0.346906 0.326904 0.351792 0.325195 0.361564 0.325928 0.402280 0.356934 0.411509
6 0.396729 0.358849 0.401855 0.356678 0.405273 0.331162 0.403076 0.313789 0.397705 0.309446 0.374023 0.299674 0.369873 0.302389 0.367676 0.306732 0.369629 0.347991 0.396729 0.358849
6 0.421875 0.280673 0.425781 0.281216 0.427979 0.277416 0.430420 0.262758 0.431396 0.241042 0.429688 0.237242 0.400391 0.217698 0.397705 0.223127 0.394043 0.244843 0.392578 0.261672 0.421875 0.280673
6 0.409180 0.331162 0.415771 0.333876 0.421143 0.331162 0.423096 0.326819 0.425293 0.317590 0.427734 0.286645 0.407715 0.265472 0.400635 0.261672 0.393555 0.264387 0.389404 0.269815 0.381348 0.299131 0.382080 0.303474 0.409180 0.331162
6 0.369141 0.394680 0.393555 0.406080 0.401367 0.404452 0.403076 0.370793 0.402344 0.359935 0.373535 0.349077 0.369629 0.350163 0.367676 0.356678 0.367920 0.391422 0.369141 0.394680
6 0.362549 0.452769 0.397949 0.457655 0.399658 0.456569 0.400635 0.451683 0.400879 0.408252 0.369141 0.395765 0.362305 0.414767 0.360352 0.425624 0.359863 0.446254 0.362549 0.452769
6 0.360107 0.500000 0.396484 0.507600 0.400879 0.505429 0.400879 0.459826 0.373535 0.446797 0.369141 0.447340 0.361328 0.453855 0.358887 0.472856 0.358398 0.495114 0.360107 0.500000
6 0.400879 0.510315 0.402832 0.522258 0.425049 0.532030 0.429688 0.532030 0.433350 0.526059 0.434570 0.501629 0.433594 0.483170 0.407959 0.469055 0.403809 0.469598 0.401855 0.473398 0.400635 0.487514 0.400879 0.510315
6 0.397705 0.622150 0.429199 0.628664 0.432617 0.625950 0.434326 0.619978 0.433350 0.581976 0.432617 0.577633 0.429688 0.575461 0.407959 0.568404 0.397705 0.571118 0.395508 0.584691 0.395020 0.598806 0.394531 0.617264 0.397705 0.622150
4 0.424072 0.338219 0.453125 0.352334 0.456299 0.352334 0.457764 0.349620 0.459229 0.330619 0.457520 0.311618 0.456055 0.307275 0.433594 0.294245 0.430420 0.294245 0.428467 0.297503 0.423096 0.334962 0.424072 0.338219
4 0.406250 0.376221 0.431396 0.389794 0.436279 0.389251 0.439941 0.348534 0.435303 0.344191 0.408691 0.332248 0.405762 0.334962 0.405273 0.340934 0.405029 0.372964 0.406250 0.376221
4 0.403076 0.418567 0.406006 0.426710 0.427734 0.435939 0.431396 0.433225 0.435791 0.404995 0.434814 0.392508 0.408936 0.368621 0.406006 0.369707 0.402832 0.383279 0.401855 0.408795 0.403076 0.418567
4 0.404297 0.466884 0.424805 0.477742 0.431152 0.477199 0.430664 0.438654 0.404541 0.428882 0.402100 0.432139 0.401611 0.456026 0.404297 0.466884
4 0.319336 0.551574 0.355713 0.558089 0.359375 0.557003 0.360596 0.553746 0.361084 0.525516 0.360107 0.515201 0.358154 0.511401 0.324951 0.503257 0.320312 0.508686 0.319092 0.521716 0.318115 0.549946 0.319336 0.551574
4 0.437500 0.418024 0.452393 0.424539 0.458008 0.423996 0.458984 0.421281 0.457520 0.355592 0.454346 0.351792 0.440430 0.348534 0.438232 0.372964 0.436279 0.411509 0.437500 0.418024
4 0.459961 0.373507 0.486816 0.383822 0.490723 0.382193 0.491699 0.361564 0.491211 0.347448 0.489502 0.342020 0.463867 0.330619 0.461670 0.331705 0.459473 0.339848 0.458496 0.354506 0.459961 0.373507
4 0.489746 0.656352 0.493896 0.654180 0.494873 0.628122 0.494385 0.616178 0.493164 0.612378 0.468018 0.604777 0.464600 0.605863 0.463135 0.612378 0.463623 0.650380 0.489746 0.656352
4 0.479839 0.427452 0.487510 0.429249 0.487549 0.387079 0.485352 0.383822 0.463623 0.374050 0.459961 0.375136 0.458008 0.380022 0.460460 0.419366 0.479839 0.427452
4 0.459717 0.470684 0.462402 0.466341 0.460449 0.428339 0.436523 0.420195 0.433350 0.421824 0.432373 0.427796 0.432129 0.463084 0.459717 0.470684
4 0.464111 0.464169 0.482666 0.472313 0.487793 0.472856 0.491455 0.470141 0.492676 0.449511 0.492188 0.437568 0.490723 0.432139 0.470703 0.425081 0.464111 0.426167 0.463135 0.428882 0.461914 0.442454 0.464111 0.464169
4 0.436035 0.511944 0.459473 0.518458 0.462891 0.515201 0.463867 0.494571 0.461182 0.475027 0.446289 0.468512 0.432373 0.467427 0.432129 0.477742 0.436035 0.511944
4 0.464111 0.508686 0.465088 0.512486 0.493408 0.517372 0.494385 0.476656 0.491699 0.473398 0.467773 0.467427 0.464844 0.469598 0.463867 0.479370 0.464111 0.508686
4 0.464355 0.551574 0.465332 0.557003 0.483398 0.563518 0.491943 0.563518 0.494385 0.536916 0.493896 0.523344 0.492676 0.519544 0.477295 0.514115 0.466553 0.513029 0.465088 0.515744 0.463867 0.520087 0.464355 0.551574
4 0.463379 0.574376 0.463623 0.563518 0.458496 0.534745 0.449951 0.528773 0.437500 0.526602 0.435547 0.526602 0.431641 0.533116 0.432373 0.574376 0.463379 0.574376
4 0.435791 0.605863 0.459961 0.611292 0.463623 0.602063 0.463623 0.577090 0.458740 0.567318 0.437012 0.561346 0.433594 0.564061 0.432861 0.574376 0.435791 0.605863
4 0.483643 0.610206 0.494141 0.609121 0.495117 0.595548 0.494141 0.570575 0.491943 0.564061 0.468018 0.559175 0.466064 0.559718 0.464600 0.563518 0.464844 0.602063 0.483643 0.610206
0 0.517578 0.260586 0.550293 0.275787 0.551025 0.258415 0.546875 0.229099 0.541504 0.223127 0.529785 0.218241 0.518555 0.216069 0.515137 0.218784 0.515137 0.248100 0.517578 0.260586
0 0.550293 0.251357 0.553955 0.257872 0.577881 0.267101 0.581299 0.263301 0.581543 0.249186 0.579590 0.230727 0.558838 0.219870 0.543457 0.216069 0.543213 0.219870 0.550293 0.251357
0 0.576660 0.305646 0.581299 0.305646 0.582520 0.301846 0.582520 0.285559 0.580566 0.282845 0.570312 0.282845 0.551270 0.289359 0.553711 0.299674 0.576660 0.305646
0 0.553467 0.281216 0.573486 0.276330 0.579590 0.271987 0.578613 0.268187 0.554932 0.257872 0.553467 0.257872 0.551758 0.264387 0.551270 0.275787 0.553467 0.281216
0 0.519531 0.269815 0.529053 0.317047 0.549805 0.324104 0.551025 0.322476 0.551270 0.300217 0.548584 0.275787 0.520508 0.264929 0.519043 0.265472 0.519531 0.269815
0 0.529541 0.817590 0.531006 0.822476 0.534912 0.827362 0.542725 0.831705 0.602295 0.827362 0.604492 0.819761 0.601318 0.779045 0.598633 0.774701 0.550781 0.769815 0.528809 0.772530 0.528320 0.800217 0.529541 0.817590
0 0.711426 0.820847 0.714844 0.817590 0.715820 0.809989 0.713379 0.779045 0.707031 0.772530 0.692139 0.773073 0.689941 0.774701 0.688965 0.778502 0.688965 0.822476 0.711426 0.820847
0 0.607910 0.765472 0.613037 0.767101 0.631836 0.758415 0.630615 0.668295 0.623047 0.663952 0.611572 0.669381 0.606445 0.675353 0.605957 0.727470 0.607910 0.765472
0 0.595215 0.768187 0.602783 0.770901 0.612549 0.765472 0.610107 0.672096 0.604492 0.671010 0.591797 0.678067 0.593262 0.755157 0.595215 0.768187
0 0.585205 0.769273 0.593018 0.770901 0.594238 0.768730 0.593506 0.678067 0.588135 0.676439 0.581299 0.679153 0.577148 0.685125 0.578369 0.749729 0.585205 0.769273
0 0.636475 0.648751 0.679932 0.649294 0.681396 0.647666 0.681885 0.640608 0.680908 0.633008 0.678955 0.630293 0.658447 0.622693 0.632812 0.629750 0.633301 0.644408 0.636475 0.648751
