3 0.354000 0.349500 0.366867 0.348750 0.382667 0.350000 0.391000 0.349750 0.393000 0.348750 0.392333 0.324750 0.391000 0.319750 0.386667 0.315000 0.381000 0.313250 0.369667 0.312250 0.357667 0.313750 0.352333 0.317750 0.350333 0.324500 0.350333 0.348750 0.354000 0.349500
3 0.418000 0.364250 0.418333 0.368306 0.417667 0.382000 0.418000 0.383750 0.421667 0.387250 0.434000 0.384250 0.446333 0.383750 0.455000 0.385000 0.463667 0.384750 0.467333 0.387000 0.471000 0.387750 0.473667 0.385250 0.475667 0.377500 0.475667 0.342500 0.473000 0.335000 0.465667 0.327000 0.460333 0.324000 0.453333 0.322750 0.436333 0.323250 0.427000 0.327250 0.421667 0.331000 0.418667 0.335250 0.416000 0.343500 0.415667 0.359250 0.418000 0.364250
3 0.487667 0.357500 0.489333 0.359000 0.491000 0.359750 0.493667 0.359250 0.507000 0.353750 0.519333 0.352750 0.540333 0.355000 0.543667 0.359250 0.547333 0.355500 0.548667 0.345250 0.548000 0.313750 0.544667 0.300250 0.526333 0.293000 0.519333 0.292000 0.504667 0.293000 0.497667 0.295750 0.493333 0.299500 0.487667 0.309250 0.486667 0.317500 0.486667 0.352250 0.487667 0.357500
3 0.417333 0.441000 0.418333 0.443000 0.439333 0.443750 0.449000 0.442250 0.457667 0.442250 0.467000 0.441000 0.474667 0.438000 0.476000 0.436000 0.476333 0.397250 0.471000 0.389000 0.463333 0.386250 0.449333 0.384000 0.435667 0.385000 0.425667 0.388250 0.421667 0.390750 0.418333 0.401750 0.417333 0.410750 0.417333 0.441000
3 0.484333 0.438000 0.498667 0.438000 0.515667 0.435750 0.518667 0.434500 0.554333 0.432250 0.558667 0.430000 0.560000 0.425250 0.557000 0.377250 0.554333 0.369500 0.542667 0.357500 0.539667 0.356250 0.527000 0.354750 0.519000 0.354500 0.516000 0.355500 0.510667 0.354750 0.504333 0.355750 0.492000 0.362000 0.485667 0.369000 0.480667 0.386500 0.482000 0.435500 0.484333 0.438000
3 0.561667 0.423000 0.564000 0.429500 0.575000 0.429750 0.600333 0.426000 0.622667 0.425250 0.640333 0.420250 0.642333 0.416000 0.640333 0.405000 0.642000 0.379500 0.639333 0.359250 0.638333 0.355250 0.630000 0.348000 0.616333 0.341750 0.594000 0.341500 0.572667 0.347750 0.563000 0.357000 0.559667 0.362500 0.558667 0.376750 0.561667 0.423000
3 0.643000 0.381250 0.643333 0.411500 0.645000 0.418500 0.647333 0.421750 0.654000 0.421000 0.660667 0.418250 0.673895 0.418498 0.679667 0.417000 0.682333 0.416000 0.686333 0.416250 0.687000 0.418000 0.689130 0.419029 0.692000 0.418250 0.690667 0.415250 0.692000 0.413750 0.696667 0.414500 0.698000 0.416500 0.703000 0.417000 0.727667 0.413250 0.733667 0.411250 0.735667 0.408000 0.735000 0.403750 0.736333 0.399750 0.734333 0.389000 0.732000 0.386500 0.729667 0.374250 0.731000 0.351750 0.724667 0.345250 0.728333 0.341750 0.717000 0.337750 0.710333 0.332500 0.698667 0.329500 0.687667 0.329500 0.671000 0.331250 0.657333 0.335250 0.653000 0.341000 0.646667 0.345250 0.641333 0.356250 0.640667 0.364250 0.643000 0.381250
3 0.643000 0.331750 0.647333 0.340750 0.657000 0.333250 0.669667 0.329250 0.679000 0.328250 0.686667 0.325750 0.700000 0.326250 0.710333 0.329750 0.716667 0.334000 0.719000 0.334500 0.723667 0.334000 0.728667 0.331500 0.731000 0.303750 0.729000 0.298500 0.730333 0.269750 0.731333 0.268750 0.725000 0.261500 0.720333 0.253750 0.710000 0.247750 0.703000 0.246000 0.700114 0.241697 0.672478 0.241963 0.668667 0.246250 0.661333 0.247750 0.648000 0.258250 0.643667 0.264000 0.640333 0.272250 0.640333 0.312500 0.643000 0.331750
2 0.344333 0.257500 0.363333 0.255250 0.380000 0.251750 0.391667 0.248250 0.394000 0.245500 0.394000 0.230750 0.392667 0.227250 0.388333 0.223250 0.379667 0.219750 0.368667 0.218250 0.345333 0.223000 0.341333 0.229750 0.340667 0.255250 0.344333 0.257500
2 0.375000 0.217250 0.390667 0.219000 0.425333 0.206750 0.426667 0.185250 0.425333 0.181250 0.421333 0.178750 0.407333 0.175000 0.394000 0.175500 0.380000 0.180000 0.374000 0.185750 0.373667 0.215000 0.375000 0.217250
2 0.103667 0.021000 0.117333 0.019250 0.117000 0.017250 0.112667 0.016500 0.102667 0.017500 0.102333 0.020500 0.103667 0.021000
2 0.397333 0.246750 0.408000 0.245500 0.441667 0.237750 0.444333 0.235250 0.444667 0.217500 0.443333 0.213750 0.439667 0.211750 0.425667 0.209000 0.409000 0.211500 0.399333 0.215500 0.395667 0.220750 0.395000 0.242000 0.397333 0.246750
2 0.432000 0.208250 0.487333 0.194500 0.489667 0.192750 0.490667 0.178000 0.488667 0.171750 0.484333 0.168250 0.473667 0.165000 0.456333 0.162500 0.439333 0.165750 0.430333 0.169500 0.427667 0.177250 0.427000 0.203500 0.432000 0.208250
2 0.498000 0.224500 0.506000 0.220250 0.506333 0.203250 0.498000 0.197000 0.491000 0.195000 0.465333 0.195750 0.450000 0.202250 0.446000 0.208500 0.446000 0.234250 0.498000 0.224500
2 0.521333 0.220250 0.553000 0.212750 0.557333 0.210500 0.557000 0.192500 0.554000 0.190000 0.533000 0.189750 0.513000 0.196500 0.508000 0.203000 0.508000 0.221000 0.521333 0.220250
2 0.560333 0.210000 0.584667 0.206500 0.612667 0.200250 0.616000 0.196250 0.615667 0.188750 0.613333 0.184500 0.609333 0.182250 0.595667 0.180250 0.581333 0.180500 0.571000 0.182250 0.560667 0.188000 0.559000 0.192250 0.558667 0.206000 0.560333 0.210000
2 0.560667 0.187500 0.614333 0.185000 0.617000 0.160750 0.611333 0.152750 0.602667 0.147250 0.584667 0.147750 0.569667 0.151250 0.565000 0.153750 0.559000 0.161750 0.557667 0.164750 0.560667 0.187500
2 0.629667 0.176000 0.633667 0.189500 0.641333 0.190500 0.668667 0.186000 0.715000 0.175500 0.737333 0.169750 0.739333 0.168250 0.735000 0.111500 0.730333 0.092000 0.727000 0.088750 0.721000 0.086000 0.680000 0.086500 0.658000 0.091000 0.643667 0.098500 0.633000 0.107000 0.626333 0.117250 0.625333 0.123250 0.629667 0.176000
2 0.668000 0.086750 0.720333 0.084000 0.722667 0.082000 0.723000 0.070250 0.721000 0.063500 0.713333 0.058500 0.700333 0.056250 0.691000 0.057000 0.675000 0.063750 0.667667 0.070750 0.666000 0.074500 0.666000 0.084250 0.668000 0.086750
2 0.753333 0.000000 0.737667 0.012250 0.731000 0.023000 0.734000 0.071250 0.737667 0.089000 0.774787 0.066612 0.821000 0.072000 0.824000 0.064000 0.818667 0.015000 0.817333 0.008250 0.813333 0.000000 0.753333 0.000000
2 0.830000 0.091250 0.838333 0.141250 0.840667 0.144750 0.848667 0.144500 0.921667 0.127000 0.922000 0.116000 0.915333 0.061000 0.910000 0.030750 0.907667 0.027250 0.893333 0.028000 0.859000 0.039250 0.841333 0.049000 0.835333 0.055500 0.830667 0.063750 0.829333 0.070500 0.830000 0.091250
