1 0.841580 0.635995 0.842014 0.640336 0.843967 0.644097 0.919054 0.659433 0.924262 0.658275 0.927300 0.653646 0.930122 0.633681 0.930990 0.620081 0.932075 0.616319 0.932075 0.612558 0.930773 0.610532 0.914931 0.606481 0.848958 0.596065 0.845269 0.598958 0.844618 0.605035 0.844618 0.616609 0.841580 0.635995
1 0.848090 0.591146 0.849392 0.594907 0.882595 0.599248 0.889974 0.601562 0.913194 0.604745 0.932075 0.608796 0.934462 0.605903 0.938151 0.581597 0.940104 0.562500 0.939670 0.557870 0.924913 0.546875 0.917969 0.543692 0.910373 0.535880 0.896701 0.526042 0.873481 0.522280 0.866102 0.523148 0.862847 0.521991 0.860894 0.525174 0.860026 0.540220 0.854601 0.546007 0.853082 0.549479 0.850477 0.579282 0.848090 0.591146
1 0.777778 0.532986 0.788628 0.534722 0.797309 0.534722 0.820095 0.539641 0.824870 0.539352 0.828125 0.540509 0.847873 0.542245 0.852865 0.543981 0.855903 0.543113 0.858290 0.539931 0.858290 0.531829 0.859158 0.529514 0.862847 0.497685 0.861545 0.494502 0.859158 0.493345 0.817491 0.487847 0.783637 0.485243 0.775825 0.483218 0.772352 0.481192 0.771050 0.484086 0.771267 0.488137 0.768663 0.501447 0.767578 0.525463 0.777778 0.532986
1 0.763238 0.529225 0.762153 0.536169 0.762587 0.540220 0.759983 0.557002 0.759549 0.564815 0.758464 0.567419 0.759115 0.570312 0.758898 0.574363 0.761068 0.576100 0.763889 0.581308 0.771918 0.583044 0.782769 0.583044 0.790799 0.584201 0.800130 0.586806 0.803819 0.586806 0.807075 0.588252 0.810981 0.588252 0.828342 0.591435 0.838542 0.593750 0.841363 0.595197 0.845052 0.593750 0.846137 0.592303 0.848524 0.581887 0.849175 0.567419 0.851780 0.550058 0.852865 0.547164 0.852431 0.546007 0.845052 0.541956 0.835069 0.540220 0.822049 0.539931 0.813368 0.537905 0.789714 0.535880 0.786675 0.534433 0.781033 0.533565 0.776042 0.531250 0.769097 0.522569 0.768880 0.522569 0.765408 0.524884 0.763238 0.529225
1 0.756727 0.596354 0.755425 0.605324 0.755642 0.609954 0.754774 0.612847 0.757378 0.623553 0.761936 0.629051 0.765408 0.630787 0.782769 0.632523 0.810981 0.638021 0.833984 0.644387 0.838325 0.643808 0.838976 0.642650 0.840495 0.635417 0.840712 0.626157 0.842448 0.616319 0.843099 0.603009 0.842882 0.598958 0.840278 0.595775 0.838108 0.594618 0.831163 0.594039 0.825304 0.591725 0.807943 0.588542 0.766927 0.582755 0.763455 0.581597 0.759766 0.578704 0.759115 0.577836 0.758898 0.574363 0.758681 0.574074 0.756510 0.587384 0.756727 0.596354
1 0.695095 0.585648 0.693359 0.600984 0.693576 0.603588 0.694444 0.605035 0.696181 0.605903 0.703776 0.606192 0.727865 0.609954 0.735460 0.612558 0.749132 0.614583 0.751519 0.615741 0.753255 0.613715 0.754557 0.590856 0.753255 0.582176 0.752170 0.580440 0.749132 0.581308 0.742405 0.580729 0.734592 0.578414 0.712891 0.575231 0.700087 0.572338 0.698785 0.572338 0.695530 0.574363 0.695095 0.585648
1 0.697483 0.542824 0.696398 0.566840 0.697049 0.571181 0.748264 0.579861 0.751519 0.581887 0.754991 0.577257 0.756510 0.570891 0.758247 0.552662 0.758247 0.549479 0.757161 0.546586 0.753038 0.544850 0.737196 0.543981 0.703993 0.539641 0.702691 0.539641 0.699436 0.539931 0.697483 0.542824
1 0.708550 0.400463 0.707899 0.403646 0.706597 0.428530 0.707031 0.431134 0.708333 0.433160 0.710069 0.434317 0.713759 0.434317 0.716797 0.435475 0.720269 0.434896 0.723307 0.436343 0.732639 0.436921 0.765408 0.438368 0.766493 0.436632 0.767361 0.432870 0.769097 0.410012 0.769314 0.404514 0.768446 0.403067 0.765191 0.401331 0.758030 0.400463 0.714627 0.398727 0.713216 0.398727 0.709635 0.399016 0.708550 0.400463
1 0.704644 0.439236 0.702474 0.456308 0.702691 0.466725 0.703559 0.467593 0.709635 0.469907 0.716146 0.471065 0.727648 0.471065 0.741753 0.472512 0.758681 0.476273 0.762153 0.475694 0.764974 0.470486 0.766059 0.465567 0.766059 0.459491 0.765191 0.456019 0.766710 0.442708 0.765625 0.439525 0.761936 0.440683 0.741970 0.437789 0.729601 0.438079 0.711589 0.436343 0.710503 0.436343 0.706597 0.436632 0.704644 0.439236
1 0.698785 0.509838 0.697700 0.522280 0.697917 0.526620 0.696832 0.533854 0.696832 0.536748 0.698785 0.539352 0.699653 0.539931 0.704210 0.539062 0.717014 0.541377 0.728299 0.541088 0.735677 0.543113 0.754123 0.545139 0.755642 0.545139 0.757161 0.543403 0.759332 0.528356 0.759766 0.514757 0.758681 0.512442 0.743924 0.512153 0.736545 0.510127 0.730903 0.509838 0.727865 0.508391 0.704427 0.506366 0.702474 0.506366 0.699653 0.507234 0.698785 0.509838
1 0.700738 0.473380 0.700738 0.488715 0.699653 0.497396 0.699653 0.502315 0.700521 0.504919 0.732856 0.507523 0.741753 0.509838 0.757595 0.511574 0.758681 0.511574 0.760851 0.508391 0.761285 0.497975 0.762153 0.494792 0.762804 0.484375 0.763889 0.481192 0.762587 0.478009 0.760634 0.476852 0.748047 0.473958 0.712891 0.470775 0.704427 0.468461 0.702908 0.468461 0.701389 0.470486 0.700738 0.473380
1 0.646918 0.400752 0.646484 0.421586 0.647569 0.423900 0.662326 0.427662 0.692925 0.430266 0.699002 0.432581 0.702474 0.432581 0.704644 0.430556 0.707248 0.402488 0.706163 0.397569 0.670790 0.390625 0.655382 0.389178 0.653863 0.389178 0.650174 0.390625 0.646918 0.400752
1 0.644314 0.438079 0.642361 0.452836 0.642361 0.456597 0.643880 0.458912 0.658420 0.460938 0.668403 0.463831 0.685113 0.465567 0.695747 0.468461 0.699653 0.468171 0.700738 0.466725 0.701606 0.463831 0.701606 0.452257 0.703993 0.437211 0.703993 0.435764 0.703125 0.434606 0.693793 0.431713 0.678602 0.430845 0.670573 0.428819 0.664714 0.428819 0.649089 0.425637 0.647135 0.425637 0.644531 0.428530 0.644314 0.438079
1 0.641710 0.477141 0.640408 0.484086 0.640625 0.491898 0.661892 0.498264 0.682509 0.500868 0.695964 0.504051 0.697483 0.502025 0.699219 0.494792 0.700087 0.482350 0.699870 0.472512 0.699219 0.470197 0.692274 0.469907 0.685113 0.467014 0.644314 0.460648 0.644097 0.460359 0.642795 0.463252 0.641710 0.477141
1 0.639323 0.532407 0.638455 0.547743 0.638455 0.555556 0.639323 0.561343 0.640625 0.562211 0.654731 0.563947 0.685330 0.570602 0.692925 0.571181 0.693793 0.570023 0.694878 0.565972 0.695312 0.553819 0.695964 0.551215 0.694661 0.539931 0.675564 0.534722 0.664280 0.533565 0.657986 0.530961 0.651042 0.530671 0.646701 0.528356 0.645486 0.528356 0.640625 0.528356 0.639323 0.532407
1 0.637153 0.567130 0.636068 0.592303 0.637370 0.594329 0.640191 0.595775 0.649089 0.596354 0.657986 0.598958 0.678819 0.601852 0.685547 0.604167 0.689887 0.604456 0.692057 0.603299 0.694661 0.578993 0.694227 0.574363 0.692708 0.572338 0.671658 0.568866 0.657986 0.565104 0.641710 0.563079 0.640191 0.563079 0.638672 0.563947 0.637153 0.567130
1 0.582031 0.563947 0.574219 0.577836 0.573351 0.590856 0.573351 0.602431 0.574219 0.605903 0.577474 0.607060 0.595269 0.608796 0.606771 0.611400 0.608724 0.612558 0.622830 0.614873 0.626736 0.614583 0.628689 0.612847 0.630425 0.598958 0.631510 0.596065 0.633898 0.592882 0.634766 0.589699 0.636068 0.570891 0.635634 0.567130 0.631727 0.563657 0.628038 0.562211 0.605686 0.558738 0.598741 0.558449 0.595703 0.557002 0.590712 0.556424 0.589627 0.556424 0.587023 0.557581 0.582031 0.563947
1 0.587674 0.535880 0.586589 0.543692 0.587240 0.553530 0.588325 0.555266 0.595052 0.556134 0.598307 0.557581 0.604384 0.557581 0.612413 0.559317 0.629123 0.561053 0.633247 0.563079 0.636285 0.562211 0.637370 0.560764 0.638238 0.557292 0.638238 0.542824 0.636936 0.537905 0.619575 0.534433 0.595052 0.531539 0.593967 0.531539 0.589410 0.532118 0.587674 0.535880
1 0.587891 0.506076 0.588108 0.512153 0.587023 0.515625 0.586155 0.525752 0.588325 0.530671 0.616536 0.533565 0.633464 0.537616 0.636936 0.536458 0.638889 0.524595 0.638455 0.514757 0.636936 0.511863 0.619575 0.506944 0.602214 0.506076 0.598741 0.504340 0.597439 0.504340 0.589193 0.504919 0.587891 0.506076
1 0.588759 0.488426 0.587240 0.496817 0.587240 0.501736 0.588542 0.503183 0.591363 0.504340 0.595920 0.503472 0.616536 0.506076 0.633464 0.510417 0.636502 0.509838 0.637804 0.508681 0.638889 0.505498 0.638672 0.501447 0.639323 0.498264 0.639106 0.487269 0.638455 0.484375 0.613715 0.478588 0.606988 0.478877 0.592882 0.477141 0.592014 0.477141 0.588976 0.480903 0.588759 0.488426
1 0.591146 0.458623 0.589844 0.464699 0.589844 0.467593 0.591580 0.473958 0.593750 0.474826 0.600694 0.473958 0.609375 0.475116 0.612847 0.476852 0.616102 0.476852 0.636285 0.481481 0.638238 0.480903 0.640408 0.478588 0.641710 0.461516 0.641710 0.459780 0.640408 0.456887 0.636719 0.457176 0.623698 0.452257 0.616970 0.451678 0.612847 0.450231 0.609158 0.450521 0.595486 0.446759 0.595269 0.446759 0.591797 0.449653 0.591146 0.458623
1 0.591363 0.434317 0.592448 0.445891 0.595052 0.447338 0.601997 0.447627 0.605903 0.449363 0.622396 0.451389 0.630859 0.453704 0.633681 0.455440 0.640408 0.455440 0.642578 0.446181 0.642361 0.440683 0.643446 0.432870 0.642795 0.428530 0.641059 0.427373 0.637587 0.428241 0.632812 0.427662 0.612847 0.423032 0.608724 0.423322 0.605903 0.421875 0.603299 0.422743 0.600043 0.421875 0.598958 0.421875 0.592014 0.422454 0.591363 0.434317
1 0.593750 0.395255 0.590929 0.412616 0.590929 0.415799 0.592014 0.419850 0.598090 0.421586 0.603299 0.421007 0.606771 0.422164 0.615234 0.422454 0.633030 0.427083 0.640191 0.427951 0.642578 0.424769 0.644531 0.411748 0.644748 0.402488 0.643880 0.399884 0.640625 0.398438 0.636719 0.399306 0.629774 0.396991 0.600911 0.392361 0.599826 0.392361 0.595269 0.392940 0.593750 0.395255
1 0.594401 0.366609 0.592882 0.379919 0.591146 0.385706 0.591797 0.390046 0.593967 0.391493 0.602865 0.391782 0.637587 0.398148 0.643446 0.396412 0.649740 0.383391 0.649740 0.375289 0.647569 0.371528 0.644097 0.369792 0.633247 0.368924 0.626736 0.367188 0.605686 0.364294 0.600043 0.362558 0.598524 0.362558 0.595486 0.364583 0.594401 0.366609
1 0.601780 0.338252 0.600260 0.352431 0.598307 0.359086 0.599609 0.361979 0.606120 0.362558 0.612630 0.365162 0.616102 0.365162 0.619358 0.366609 0.623481 0.366319 0.634332 0.368345 0.641059 0.368634 0.648220 0.370660 0.657769 0.367477 0.662109 0.359664 0.662326 0.350984 0.663194 0.345486 0.661458 0.342882 0.653646 0.342593 0.630425 0.338542 0.616102 0.337384 0.609375 0.335648 0.608145 0.335648 0.603733 0.336227 0.601780 0.338252
1 0.563585 0.445891 0.562066 0.455729 0.562500 0.462674 0.564019 0.464988 0.567708 0.463252 0.570747 0.464699 0.574870 0.464410 0.581380 0.466435 0.582465 0.470486 0.584852 0.472801 0.589627 0.464120 0.592014 0.449074 0.590061 0.446181 0.589410 0.442708 0.588325 0.441262 0.577691 0.439815 0.574653 0.438079 0.574219 0.438079 0.567708 0.442130 0.563585 0.445891
1 0.535590 0.454861 0.534939 0.463831 0.536241 0.470775 0.540148 0.469618 0.543620 0.471065 0.553168 0.472222 0.555556 0.473958 0.557292 0.477141 0.560547 0.472512 0.561632 0.463542 0.560547 0.453993 0.553385 0.454572 0.547526 0.452836 0.540799 0.452546 0.539714 0.452546 0.536458 0.452546 0.535590 0.454861
1 0.534722 0.495660 0.535590 0.501447 0.535373 0.505208 0.536458 0.506655 0.540365 0.507523 0.550130 0.508102 0.552517 0.508970 0.557075 0.508391 0.558811 0.501736 0.558594 0.494213 0.557943 0.492477 0.557075 0.491030 0.555122 0.490162 0.546658 0.489005 0.546007 0.489005 0.536241 0.489583 0.534722 0.495660
1 0.556641 0.469618 0.553602 0.471354 0.550564 0.470197 0.544488 0.471065 0.536458 0.469907 0.535373 0.473958 0.535807 0.481481 0.535156 0.484375 0.536241 0.486979 0.537977 0.488426 0.553819 0.490741 0.557292 0.493056 0.561415 0.487847 0.560113 0.484086 0.560547 0.469618 0.560547 0.468171 0.559679 0.469329 0.556641 0.469618
1 0.535156 0.526910 0.534071 0.535301 0.534939 0.537616 0.536458 0.538484 0.540148 0.538194 0.543186 0.539641 0.553168 0.540509 0.556858 0.541667 0.559245 0.540509 0.559896 0.537037 0.559028 0.533275 0.559245 0.528935 0.557943 0.526620 0.552083 0.526331 0.546658 0.524306 0.543186 0.524595 0.539931 0.522859 0.539497 0.522859 0.536675 0.524306 0.535156 0.526910
1 0.553602 0.507812 0.543620 0.506366 0.536458 0.506366 0.534288 0.511285 0.534939 0.519965 0.536241 0.521991 0.539931 0.521991 0.549696 0.525752 0.557075 0.526620 0.559896 0.516493 0.559679 0.513021 0.557726 0.507523 0.557292 0.501447 0.557075 0.501447 0.556641 0.505787 0.553602 0.507812
1 0.535958 0.433672 0.534808 0.434056 0.534736 0.436550 0.534502 0.438483 0.534448 0.440723 0.534304 0.441442 0.538628 0.440104 0.534268 0.441538 0.533854 0.445312 0.534288 0.449653 0.535373 0.451100 0.536458 0.451968 0.540582 0.451678 0.560764 0.454282 0.562283 0.449363 0.562934 0.443866 0.565104 0.440972 0.568359 0.439525 0.570312 0.435764 0.567708 0.434317 0.553602 0.434896 0.546007 0.433738 0.544777 0.433738 0.540020 0.432617 0.535958 0.433672
1 0.560941 0.480850 0.588402 0.485139 0.590411 0.465300 0.563218 0.460898 0.560941 0.480850
1 0.560405 0.500510 0.588268 0.503548 0.588938 0.484782 0.562012 0.480723 0.560405 0.500510
1 0.588669 0.504247 0.560941 0.500315 0.560003 0.518767 0.587062 0.521762 0.588669 0.504247
1 0.559199 0.536060 0.587598 0.539456 0.588402 0.531771 0.586124 0.530877 0.587464 0.521583 0.560807 0.519571 0.559199 0.536060
1 0.586526 0.548289 0.587196 0.539352 0.560807 0.536850 0.561008 0.544486 0.586526 0.548289
1 0.695164 0.537565 0.697442 0.503964 0.641314 0.496279 0.639573 0.528412 0.695164 0.537565
0 0.824870 0.730613 0.823568 0.752315 0.824653 0.762153 0.828125 0.765914 0.832248 0.769097 0.837891 0.770833 0.897135 0.783854 0.907552 0.785880 0.911241 0.785301 0.912543 0.783854 0.915582 0.773148 0.919271 0.734086 0.916667 0.727720 0.909071 0.715278 0.902344 0.707755 0.894097 0.695312 0.886719 0.690683 0.877604 0.688079 0.871745 0.688947 0.868707 0.693287 0.866753 0.694444 0.860569 0.694155 0.858073 0.692708 0.860026 0.689525 0.859375 0.686343 0.856120 0.688368 0.851345 0.687500 0.848307 0.689815 0.847439 0.687211 0.845052 0.685475 0.844618 0.684028 0.841471 0.683738 0.838325 0.681713 0.836155 0.685475 0.827908 0.690104 0.826389 0.704861 0.826606 0.720486 0.824870 0.730613
0 0.814019 0.823495 0.818359 0.822338 0.829210 0.824363 0.835938 0.822917 0.842231 0.826968 0.897569 0.838542 0.899523 0.831308 0.901259 0.828414 0.901693 0.820312 0.901042 0.817130 0.902995 0.814815 0.904297 0.810185 0.906467 0.789352 0.904080 0.786169 0.887370 0.781829 0.869358 0.778935 0.845269 0.772569 0.841797 0.772859 0.831380 0.770544 0.823785 0.764757 0.821181 0.765914 0.819661 0.768808 0.817057 0.779514 0.815755 0.797164 0.813802 0.803241 0.812066 0.814236 0.812283 0.819734 0.814019 0.823495
0 0.808594 0.872685 0.814887 0.876447 0.816189 0.878472 0.819010 0.879051 0.823568 0.877604 0.833695 0.878183 0.868924 0.887731 0.873264 0.887731 0.880859 0.889757 0.890842 0.895255 0.892795 0.893808 0.894097 0.890336 0.894314 0.879340 0.896484 0.866319 0.896267 0.861979 0.897352 0.859375 0.896701 0.856481 0.898003 0.852431 0.898003 0.848380 0.896701 0.842303 0.894965 0.839699 0.889106 0.837095 0.887153 0.834780 0.869141 0.833044 0.861328 0.830440 0.859375 0.828414 0.849826 0.829282 0.835938 0.824363 0.817274 0.823495 0.810547 0.827836 0.812066 0.831887 0.810330 0.834491 0.809462 0.840856 0.807726 0.845775 0.806858 0.855035 0.807075 0.865162 0.808594 0.872685
0 0.801432 0.897569 0.801432 0.901042 0.802517 0.904225 0.802083 0.912616 0.803168 0.913773 0.805990 0.923900 0.807726 0.925637 0.810330 0.926794 0.817925 0.926215 0.821181 0.928530 0.824653 0.927951 0.828125 0.929688 0.842665 0.931134 0.845052 0.932581 0.858290 0.930556 0.860460 0.931713 0.860894 0.935475 0.862847 0.940394 0.866102 0.939236 0.869358 0.943287 0.873698 0.941262 0.877604 0.943576 0.879774 0.946181 0.884332 0.942708 0.884983 0.934606 0.879991 0.930845 0.878906 0.924479 0.887153 0.925637 0.890408 0.915220 0.891927 0.904803 0.891493 0.894097 0.886936 0.889178 0.876519 0.888310 0.845269 0.878762 0.824870 0.875000 0.811198 0.874132 0.807292 0.875000 0.805773 0.876736 0.803385 0.883102 0.802951 0.893808 0.801432 0.897569
0 0.795356 0.960359 0.796658 0.969329 0.800130 0.973669 0.805990 0.977431 0.834201 0.983507 0.839844 0.982639 0.849175 0.985822 0.854601 0.986400 0.862847 0.991898 0.873047 0.995370 0.875434 0.994502 0.878038 0.991609 0.880425 0.984664 0.886936 0.946759 0.883898 0.940104 0.885851 0.935185 0.883247 0.933449 0.881076 0.925058 0.876519 0.923611 0.872613 0.925347 0.875434 0.927662 0.875868 0.931424 0.874783 0.938657 0.873047 0.942419 0.869358 0.941840 0.863498 0.938079 0.855469 0.937500 0.841797 0.933160 0.838759 0.931134 0.834201 0.931424 0.829644 0.927951 0.819010 0.927373 0.816840 0.925347 0.818359 0.918692 0.820964 0.916088 0.824653 0.916377 0.826389 0.914641 0.823568 0.912037 0.814019 0.908275 0.811849 0.909722 0.803168 0.911169 0.802951 0.913484 0.798828 0.919560 0.796007 0.938657 0.796875 0.947049 0.795356 0.960359
0 0.719618 0.928530 0.718533 0.938947 0.720269 0.940683 0.734809 0.942419 0.739149 0.943866 0.741102 0.946181 0.748698 0.947049 0.751519 0.949653 0.755208 0.949653 0.761936 0.953125 0.775825 0.955729 0.783203 0.960069 0.790582 0.961227 0.793620 0.959201 0.794922 0.948206 0.794488 0.938079 0.797960 0.926215 0.798177 0.918403 0.796875 0.917245 0.791450 0.916667 0.782986 0.913484 0.779297 0.913484 0.776259 0.910590 0.762153 0.904514 0.758464 0.905093 0.755859 0.903935 0.744358 0.903067 0.741102 0.900752 0.737196 0.900752 0.734375 0.898727 0.725694 0.897280 0.723741 0.897280 0.720269 0.900463 0.718533 0.914352 0.718099 0.925347 0.719618 0.928530
0 0.722656 0.895833 0.726780 0.897859 0.743924 0.901910 0.755642 0.902778 0.759549 0.905093 0.771701 0.909144 0.776042 0.909433 0.779514 0.913194 0.785373 0.917245 0.796875 0.917245 0.798394 0.914641 0.799696 0.900174 0.801866 0.890625 0.802734 0.876447 0.800347 0.871817 0.797092 0.869792 0.788194 0.868056 0.776693 0.864294 0.775825 0.863137 0.750000 0.859086 0.743924 0.857639 0.741319 0.855903 0.738498 0.856481 0.731771 0.852141 0.727431 0.850694 0.723741 0.855324 0.721571 0.868924 0.721137 0.890914 0.722656 0.895833
0 0.726997 0.836516 0.728516 0.837963 0.726780 0.841725 0.726997 0.848958 0.730686 0.852431 0.741102 0.856481 0.761285 0.860532 0.799045 0.872685 0.800130 0.873843 0.803168 0.869213 0.807726 0.829282 0.807509 0.827257 0.803602 0.823785 0.796658 0.820891 0.781250 0.818576 0.769314 0.815394 0.765408 0.815683 0.762587 0.813657 0.748264 0.810475 0.739149 0.810185 0.734375 0.807581 0.730686 0.808160 0.729167 0.810185 0.726780 0.820891 0.725911 0.828704 0.726997 0.836516
0 0.732422 0.792245 0.732205 0.800926 0.733724 0.807002 0.739800 0.807581 0.807075 0.824942 0.809679 0.820891 0.814019 0.789931 0.813585 0.779225 0.806424 0.777778 0.802951 0.775463 0.791233 0.774016 0.775825 0.768808 0.766819 0.767361 0.762587 0.765336 0.742405 0.763889 0.734375 0.761863 0.730686 0.767940 0.731120 0.786169 0.732422 0.792245
0 0.737413 0.747106 0.735894 0.758391 0.739366 0.762442 0.747613 0.764468 0.754123 0.763600 0.761719 0.765914 0.768446 0.766204 0.772569 0.768229 0.787760 0.771412 0.809679 0.778356 0.814019 0.778067 0.815321 0.775463 0.819010 0.742188 0.818793 0.737558 0.817491 0.734664 0.817491 0.730324 0.790148 0.724248 0.758030 0.719618 0.741970 0.715278 0.736979 0.717014 0.735894 0.723669 0.734158 0.728299 0.733941 0.734086 0.737413 0.747106
0 0.738932 0.693576 0.743056 0.697627 0.745009 0.703414 0.740451 0.708333 0.740017 0.710359 0.744141 0.714988 0.754340 0.717593 0.785590 0.722512 0.817708 0.730035 0.821181 0.713542 0.822483 0.699653 0.823134 0.682002 0.820530 0.677951 0.817274 0.675926 0.807075 0.675058 0.796007 0.671007 0.757378 0.663484 0.754991 0.661458 0.751302 0.662326 0.746528 0.661169 0.744358 0.662326 0.741319 0.668113 0.738281 0.678241 0.738064 0.689236 0.738932 0.693576
0 0.675130 0.736111 0.686632 0.736690 0.699653 0.739873 0.702908 0.741609 0.726128 0.745660 0.730686 0.745081 0.732205 0.741609 0.733507 0.718750 0.733507 0.712963 0.732205 0.711516 0.722222 0.711227 0.704644 0.708623 0.698568 0.706308 0.677951 0.704572 0.675130 0.705729 0.674045 0.718461 0.673828 0.734086 0.675130 0.736111
0 0.671658 0.756076 0.678602 0.758970 0.705512 0.764757 0.717448 0.765914 0.726345 0.768519 0.728299 0.767940 0.730035 0.765046 0.731337 0.752315 0.731337 0.747106 0.730035 0.745081 0.712891 0.743634 0.687717 0.736690 0.676215 0.735243 0.673394 0.736979 0.671875 0.744213 0.670573 0.751736 0.671658 0.756076
0 0.678385 0.702836 0.680990 0.704282 0.700738 0.706308 0.730686 0.712384 0.734375 0.710359 0.735677 0.706597 0.736328 0.682292 0.735026 0.679398 0.732639 0.678241 0.720920 0.674769 0.699870 0.670718 0.685981 0.672164 0.680339 0.670428 0.678819 0.666377 0.677083 0.682581 0.677083 0.699653 0.678385 0.702836
0 0.624783 0.713542 0.634549 0.714699 0.636502 0.717014 0.666016 0.724537 0.668186 0.725984 0.671875 0.725694 0.672526 0.724248 0.674696 0.708044 0.675781 0.679688 0.675347 0.671296 0.672526 0.667535 0.658203 0.662616 0.644314 0.660012 0.640842 0.660880 0.636719 0.659722 0.633464 0.663194 0.631727 0.666956 0.629774 0.668113 0.628581 0.672888 0.626953 0.675347 0.624132 0.692708 0.623047 0.708912 0.624783 0.713542
0 0.621311 0.739873 0.624783 0.742477 0.668186 0.754051 0.669922 0.751157 0.670356 0.744502 0.672092 0.738137 0.672526 0.730035 0.671658 0.725984 0.664497 0.725116 0.657769 0.722222 0.653429 0.722222 0.630425 0.715567 0.626736 0.713252 0.622613 0.716435 0.621311 0.723380 0.620226 0.736979 0.621311 0.739873
0 0.616102 0.763889 0.618707 0.766493 0.623698 0.766782 0.627387 0.768808 0.638021 0.771701 0.655382 0.774884 0.661458 0.777488 0.664931 0.777778 0.666233 0.776042 0.668403 0.754919 0.665365 0.752025 0.649523 0.749421 0.632161 0.743634 0.620226 0.741030 0.617839 0.743634 0.615885 0.751447 0.615451 0.761863 0.616102 0.763889
0 0.606337 0.845775 0.607639 0.852431 0.609809 0.854167 0.620443 0.858218 0.629774 0.859375 0.636719 0.863137 0.641059 0.862847 0.651259 0.865451 0.657552 0.868345 0.661675 0.867477 0.662543 0.866030 0.666450 0.815683 0.666884 0.785880 0.664714 0.779803 0.657552 0.776620 0.623481 0.769965 0.618056 0.772280 0.615017 0.779225 0.613281 0.791377 0.611762 0.796296 0.610243 0.814815 0.608073 0.827836 0.608507 0.831019 0.606337 0.845775
0 0.605903 0.872106 0.609375 0.872106 0.612847 0.874421 0.620370 0.875000 0.634115 0.880208 0.641276 0.884259 0.643012 0.886863 0.647569 0.887731 0.650825 0.885995 0.654297 0.891782 0.657552 0.890336 0.661241 0.869792 0.659722 0.867766 0.644314 0.862558 0.636502 0.861690 0.612630 0.853877 0.608507 0.853588 0.606771 0.849537 0.605686 0.849826 0.605252 0.851852 0.604384 0.861400 0.604167 0.868345 0.605903 0.872106
0 0.602865 0.900174 0.608507 0.902199 0.613281 0.901620 0.621962 0.905382 0.629774 0.906829 0.638672 0.910590 0.640408 0.915509 0.644314 0.914062 0.645616 0.915799 0.647786 0.916088 0.649523 0.913194 0.653429 0.912326 0.655165 0.908565 0.655816 0.904225 0.654514 0.901331 0.651042 0.903646 0.649306 0.903646 0.647786 0.903067 0.647352 0.901042 0.645616 0.899595 0.645399 0.895544 0.647352 0.893808 0.646267 0.893519 0.644531 0.890046 0.613498 0.881944 0.605469 0.881944 0.602431 0.883970 0.600477 0.897569 0.602865 0.900174
0 0.599175 0.935764 0.626953 0.942998 0.647352 0.950810 0.651259 0.951100 0.652778 0.949653 0.653429 0.938368 0.655599 0.925637 0.654514 0.917245 0.650174 0.921296 0.640625 0.916667 0.635851 0.917535 0.633030 0.915799 0.622613 0.914352 0.607205 0.908275 0.602865 0.902199 0.601780 0.902778 0.598741 0.910880 0.597439 0.932581 0.599175 0.935764
0 0.539931 0.908854 0.543186 0.918113 0.553385 0.921586 0.563151 0.922164 0.571615 0.924190 0.573134 0.921586 0.577257 0.905671 0.581163 0.897280 0.580946 0.887153 0.572917 0.855324 0.568142 0.848669 0.564236 0.845486 0.546441 0.845775 0.543403 0.847801 0.541450 0.851852 0.542752 0.875145 0.539931 0.908854
0 0.582031 0.716725 0.583333 0.720775 0.605252 0.722512 0.609158 0.723669 0.612847 0.727141 0.616319 0.725116 0.618273 0.720486 0.621962 0.702546 0.623698 0.682002 0.621962 0.675347 0.618490 0.673611 0.606337 0.671007 0.598741 0.670428 0.596571 0.671586 0.593316 0.675058 0.584852 0.702546 0.584418 0.709201 0.582031 0.716725
0 0.581597 0.758681 0.596788 0.759259 0.605035 0.757812 0.609375 0.759549 0.612630 0.757234 0.613932 0.754340 0.613715 0.747685 0.614800 0.744502 0.612847 0.741319 0.610460 0.743345 0.604818 0.743345 0.599175 0.741319 0.594401 0.741030 0.583984 0.736690 0.583550 0.734664 0.581597 0.732928 0.579427 0.741898 0.579427 0.748553 0.581597 0.758681
0 0.579861 0.765914 0.581597 0.772859 0.602214 0.774306 0.605686 0.775752 0.609375 0.775752 0.612630 0.773727 0.613715 0.769097 0.612630 0.760995 0.609158 0.763600 0.606771 0.760417 0.602431 0.758102 0.600694 0.760127 0.595920 0.761285 0.583550 0.758391 0.581380 0.743924 0.581597 0.745756 0.580946 0.746238 0.580729 0.762442 0.579861 0.765914
0 0.581380 0.793113 0.584201 0.790799 0.598958 0.791956 0.605035 0.795718 0.607205 0.801215 0.609375 0.801215 0.609158 0.797454 0.611328 0.793113 0.611762 0.778646 0.608724 0.778067 0.604384 0.779803 0.600477 0.778646 0.591797 0.779225 0.585069 0.776910 0.581597 0.773438 0.580295 0.779225 0.580078 0.786169 0.581380 0.793113
0 0.581597 0.814815 0.584201 0.813368 0.587240 0.813368 0.601562 0.820312 0.605686 0.824653 0.606120 0.824074 0.609592 0.814236 0.610243 0.809606 0.609158 0.799479 0.608724 0.801505 0.606337 0.802951 0.597873 0.802083 0.595269 0.800058 0.588325 0.798900 0.584852 0.796875 0.581597 0.797454 0.580729 0.799769 0.579861 0.807870 0.581597 0.814815
0 0.580512 0.836227 0.605252 0.842593 0.606771 0.838542 0.607205 0.828125 0.606120 0.824363 0.596571 0.820312 0.589627 0.815972 0.588542 0.813657 0.585286 0.815104 0.581380 0.813657 0.579644 0.820602 0.578776 0.830729 0.578559 0.834780 0.580512 0.836227
0 0.577908 0.857350 0.585286 0.856771 0.595920 0.861979 0.597656 0.864005 0.598307 0.869502 0.598958 0.869792 0.602431 0.865741 0.605686 0.844907 0.603082 0.842014 0.588976 0.838831 0.584635 0.837095 0.581380 0.834201 0.577908 0.837674 0.575738 0.848380 0.575521 0.852720 0.577908 0.857350
0 0.549696 0.837095 0.565538 0.840856 0.571181 0.844329 0.574436 0.843750 0.575087 0.842593 0.577908 0.831308 0.577257 0.824363 0.574870 0.822049 0.569661 0.821759 0.552300 0.816840 0.549696 0.817130 0.548177 0.820891 0.547960 0.835069 0.549696 0.837095
0 0.554253 0.809896 0.554905 0.811632 0.554253 0.814236 0.577908 0.815683 0.578559 0.811921 0.577908 0.800058 0.574436 0.799190 0.570530 0.802083 0.553602 0.799190 0.552083 0.799769 0.550781 0.802083 0.550781 0.807581 0.554253 0.809896
0 0.552083 0.799769 0.553602 0.800637 0.556858 0.799769 0.565104 0.801215 0.572049 0.800926 0.577908 0.803819 0.578559 0.789062 0.577691 0.785012 0.561415 0.779803 0.553819 0.778935 0.550564 0.780961 0.549913 0.782697 0.550130 0.796875 0.552083 0.799769
0 0.551215 0.779225 0.559462 0.780093 0.564019 0.781829 0.567708 0.780961 0.570964 0.783275 0.578125 0.784433 0.579210 0.776910 0.579210 0.760706 0.578125 0.748843 0.575955 0.744213 0.565321 0.740741 0.563151 0.741030 0.556207 0.747975 0.550347 0.761863 0.549913 0.774595 0.551215 0.779225
0 0.772569 0.478877 0.779297 0.483218 0.857205 0.491030 0.859158 0.490451 0.860460 0.487847 0.864366 0.442708 0.862413 0.438947 0.850477 0.434896 0.825087 0.430556 0.775391 0.428530 0.773438 0.430266 0.771701 0.435475 0.769314 0.466146 0.769097 0.473958 0.772569 0.478877
