1 0.221530 0.500766 0.265668 0.493037 0.299717 0.501397 0.299928 0.488935 0.267980 0.478524 0.223842 0.488591 0.221530 0.500766
1 0.221530 0.520799 0.269241 0.509757 0.298036 0.518591 0.300138 0.503290 0.269661 0.493825 0.223212 0.503251 0.221530 0.520799
1 0.191535 0.503361 0.193762 0.485309 0.162582 0.492663 0.160355 0.510797 0.191535 0.503361
1 0.325188 0.384574 0.328679 0.378811 0.327981 0.373397 0.314485 0.377065 0.316230 0.386474 0.325188 0.384574
1 0.300290 0.388766 0.305875 0.386146 0.315183 0.388242 0.313786 0.378287 0.300523 0.382547 0.300290 0.388766
1 0.288190 0.395926 0.296102 0.392957 0.300756 0.389115 0.301221 0.383527 0.286213 0.387783 0.288190 0.395926
1 0.272600 0.394878 0.279581 0.398021 0.286794 0.395402 0.285863 0.388766 0.271204 0.392757 0.272600 0.394878
0 0.480143 0.307373 0.480469 0.310547 0.487956 0.312988 0.487630 0.314209 0.489909 0.307617 0.494792 0.305420 0.498047 0.305664 0.518229 0.298096 0.519531 0.296631 0.519206 0.293213 0.516927 0.290039 0.515625 0.284668 0.511719 0.282959 0.484049 0.297852 0.477539 0.300293 0.477214 0.303711 0.480143 0.307373
0 0.520508 0.293213 0.522135 0.294189 0.529297 0.294434 0.536784 0.289551 0.558268 0.281738 0.569987 0.279541 0.570964 0.275879 0.553385 0.267334 0.550130 0.267090 0.539388 0.274170 0.526693 0.281006 0.519531 0.282959 0.517904 0.284668 0.517904 0.288574 0.520508 0.293213
0 0.411458 0.312012 0.414714 0.315918 0.435547 0.312988 0.447591 0.309082 0.454427 0.308105 0.464193 0.308594 0.466797 0.310547 0.469076 0.309082 0.473633 0.311279 0.474609 0.310791 0.473958 0.300293 0.465495 0.292725 0.459961 0.290527 0.446940 0.293213 0.414714 0.304199 0.411133 0.307373 0.411458 0.312012
0 0.385091 0.328125 0.393880 0.326660 0.401042 0.323242 0.403971 0.323242 0.409831 0.321045 0.411458 0.318115 0.410807 0.313965 0.414388 0.306885 0.412109 0.305908 0.407878 0.305908 0.402995 0.307129 0.392578 0.311523 0.376628 0.316162 0.375651 0.317627 0.376628 0.332031 0.385091 0.328125
0 0.380208 0.351318 0.381836 0.346436 0.384115 0.343750 0.393555 0.342285 0.401042 0.339355 0.404622 0.339355 0.416016 0.335205 0.418620 0.331787 0.419271 0.323975 0.418294 0.322021 0.414714 0.320557 0.397461 0.324463 0.395833 0.326172 0.388997 0.328369 0.387044 0.327881 0.384115 0.329834 0.379557 0.329102 0.376628 0.326904 0.376302 0.335449 0.380208 0.351318
0 0.464387 0.322104 0.480916 0.329758 0.480916 0.316561 0.463332 0.307587 0.417790 0.319409 0.420076 0.335036 0.464387 0.322104
0 0.380688 0.363013 0.422186 0.352720 0.419724 0.335564 0.379282 0.347103 0.380688 0.363013
0 0.424296 0.350608 0.468607 0.338731 0.481619 0.329758 0.464739 0.323159 0.419900 0.335234 0.424296 0.350608
0 0.490391 0.322719 0.526133 0.309107 0.527333 0.295375 0.486656 0.308906 0.490391 0.322719
0 0.506928 0.330727 0.530934 0.323720 0.531201 0.308906 0.490924 0.322081 0.492791 0.326723 0.506928 0.330727
0 0.535202 0.321518 0.578413 0.306304 0.593883 0.312310 0.591749 0.300499 0.575479 0.292691 0.531334 0.307378 0.535202 0.321518
0 0.549605 0.323004 0.554140 0.328809 0.582147 0.318800 0.597351 0.324205 0.593350 0.312194 0.578413 0.306389 0.538536 0.320581 0.549605 0.323004
0 0.566407 0.344085 0.587437 0.337140 0.581829 0.319674 0.554350 0.329750 0.557434 0.338824 0.566407 0.344085
