0 0.238006 0.711035 0.335605 0.711035 0.335605 0.755581 0.238006 0.755581
0 0.230243 0.456921 0.235445 0.437290 0.159432 0.428202 0.151472 0.448149 0.230243 0.456921
0 0.230857 0.477227 0.235987 0.457257 0.156576 0.448828 0.147449 0.468363 0.230857 0.477227
0 0.217557 0.498754 0.223257 0.477716 0.145067 0.468655 0.136619 0.490317 0.217557 0.498754
0 0.292422 0.469457 0.296982 0.455787 0.236183 0.449368 0.235233 0.462195 0.292422 0.469457
0 0.288432 0.484728 0.293562 0.469884 0.235224 0.462855 0.229723 0.477786 0.288432 0.484728
0 0.361523 0.497543 0.386792 0.499893 0.389262 0.497437 0.436381 0.501494 0.439801 0.489534 0.391081 0.485784 0.362093 0.493805 0.361523 0.497543
0 0.389262 0.497864 0.386222 0.509397 0.434861 0.513562 0.437359 0.501969 0.389262 0.497864
0 0.432201 0.525309 0.435051 0.513776 0.387005 0.509388 0.383752 0.521465 0.432201 0.525309
0 0.430301 0.537260 0.433341 0.525619 0.384127 0.521661 0.380142 0.533842 0.430301 0.537260
0 0.426501 0.549327 0.430301 0.537473 0.380770 0.534340 0.377293 0.545803 0.426501 0.549327
0 0.427261 0.558511 0.428021 0.549754 0.378133 0.546344 0.376912 0.555201 0.427261 0.558511
0 0.496386 0.532443 0.498096 0.523580 0.477162 0.522875 0.476247 0.531055 0.496386 0.532443
0 0.496006 0.540346 0.497906 0.532336 0.477641 0.531373 0.476247 0.539491 0.496006 0.540346
0 0.497526 0.548782 0.497336 0.540559 0.476922 0.540274 0.477386 0.547821 0.497526 0.548782
0 0.495816 0.556685 0.497716 0.548569 0.477641 0.547827 0.476056 0.555724 0.495816 0.556685
0 0.495246 0.561605 0.495626 0.556906 0.475004 0.555515 0.474727 0.560430 0.495246 0.561605
0 0.243633 0.633508 0.229431 0.685398 0.242798 0.691972 0.237785 0.710286 0.248646 0.712634 0.320913 0.713338 0.332651 0.640735 0.299191 0.633978 0.243633 0.633508
1 0.084163 0.726198 0.071548 0.736391 0.062087 0.812614 0.210313 0.815716 0.226866 0.729128 0.084163 0.726198
1 0.230812 0.723539 0.239485 0.688530 0.016915 0.687150 0.016357 0.720437 0.230812 0.723539
1 0.024242 0.682497 0.040799 0.687815 0.189025 0.689144 0.207159 0.618682 0.063681 0.613829 0.043164 0.608932 0.024242 0.682497
5 0.949653 0.744629 0.952691 0.746582 0.963108 0.747559 0.984375 0.747559 0.989583 0.744629 0.982639 0.689209 0.964844 0.680664 0.960069 0.679443 0.955295 0.680664 0.948785 0.688965 0.949653 0.744629
5 0.956163 0.791748 0.963542 0.792480 0.986979 0.791016 0.989583 0.786865 0.988281 0.765625 0.984375 0.758789 0.964844 0.758545 0.958767 0.761719 0.953125 0.768555 0.953125 0.787109 0.956163 0.791748
5 0.867188 0.724121 0.885417 0.746338 0.904080 0.746582 0.905816 0.744629 0.911024 0.685547 0.907552 0.683105 0.876302 0.679932 0.873264 0.680908 0.861979 0.692627 0.858941 0.703613 0.867188 0.724121
5 0.991753 0.745605 0.996094 0.744629 0.994792 0.689209 0.982205 0.682373 0.976997 0.680908 0.973958 0.681641 0.986111 0.744873 0.991753 0.745605
5 0.910156 0.744629 0.917969 0.747314 0.946181 0.747070 0.948351 0.744629 0.948785 0.689209 0.932292 0.678711 0.921441 0.680664 0.913628 0.688965 0.909288 0.726562 0.910156 0.744629
