6 0.095952 0.376052 0.148345 0.376052 0.148345 0.409949 0.095952 0.409949
6 0.093595 0.411372 0.146945 0.411372 0.146945 0.444907 0.093595 0.444907
6 0.088888 0.446692 0.146945 0.446692 0.146945 0.478464 0.088888 0.478464
6 0.088301 0.480248 0.142747 0.480248 0.142747 0.514122 0.088301 0.514122
6 0.085946 0.515565 0.139015 0.515565 0.139015 0.549078 0.085946 0.549078
6 0.208976 0.404309 0.262625 0.404309 0.262625 0.438616 0.208976 0.438616
6 0.206030 0.442719 0.266821 0.442719 0.266821 0.472872 0.206030 0.472872
6 0.203677 0.478921 0.279416 0.478921 0.279416 0.508877 0.203677 0.508877
6 0.201325 0.512477 0.252829 0.512477 0.252829 0.544535 0.201325 0.544535
6 0.142458 0.515566 0.198721 0.515566 0.198721 0.546631 0.142458 0.546631
6 0.146577 0.479363 0.202453 0.479363 0.202453 0.512024 0.146577 0.512024
6 0.147756 0.443162 0.205252 0.443162 0.205252 0.479514 0.147756 0.479514
6 0.149520 0.410490 0.208983 0.410490 0.208983 0.440013 0.149520 0.440013
6 0.150698 0.374287 0.205252 0.374287 0.205252 0.407153 0.150698 0.407153
6 0.208387 0.368547 0.252362 0.368547 0.252362 0.404358 0.208387 0.404358
6 0.126564 0.791503 0.200350 0.791503 0.200350 0.821886 0.126564 0.821886
6 0.120675 0.819315 0.200815 0.819315 0.200815 0.850201 0.120675 0.850201
4 0.088888 0.792384 0.124028 0.792384 0.124028 0.813573 0.088888 0.813573
4 0.086532 0.814019 0.119829 0.814019 0.119829 0.848530 0.086532 0.848530
