2 0.365248 0.040000 0.377660 0.036250 0.386968 0.035500 0.397163 0.036000 0.422872 0.041250 0.435727 0.049500 0.438830 0.046750 0.443706 0.022750 0.442376 0.016000 0.436613 0.011750 0.429078 0.008250 0.417110 0.005000 0.404699 0.003250 0.394060 0.003250 0.383422 0.004750 0.376330 0.007250 0.370124 0.012500 0.367908 0.017000 0.364362 0.035500 0.365248 0.040000
2 0.288564 0.069000 0.289894 0.072000 0.315603 0.068500 0.352394 0.070500 0.355940 0.065250 0.356383 0.048750 0.362589 0.037500 0.360372 0.033500 0.334663 0.028500 0.313387 0.028500 0.294326 0.033000 0.289894 0.036250 0.288121 0.042750 0.288564 0.069000
2 0.285904 0.094250 0.304521 0.093000 0.318262 0.093750 0.348404 0.098750 0.354167 0.095000 0.355496 0.073500 0.351950 0.070250 0.317376 0.069000 0.291667 0.072250 0.286348 0.075250 0.284131 0.078000 0.284131 0.092000 0.285904 0.094250
2 0.270390 0.138000 0.272163 0.141750 0.279255 0.142000 0.303191 0.138500 0.312057 0.138500 0.341755 0.143500 0.347074 0.142250 0.349734 0.136250 0.348404 0.105000 0.346188 0.098500 0.321365 0.094750 0.304965 0.094000 0.282358 0.096250 0.273050 0.098500 0.269504 0.101500 0.269060 0.122250 0.270390 0.138000
2 0.279255 0.152500 0.282801 0.154250 0.271277 0.164750 0.271720 0.179000 0.274823 0.182250 0.275709 0.189500 0.284131 0.190000 0.294770 0.188250 0.296543 0.189000 0.343972 0.188750 0.345301 0.189750 0.347518 0.188500 0.350177 0.188500 0.351950 0.189750 0.353723 0.189000 0.356383 0.185500 0.350621 0.177750 0.354167 0.172500 0.353723 0.162250 0.343972 0.151750 0.347961 0.150750 0.349291 0.149000 0.347074 0.143250 0.328014 0.141750 0.324911 0.140500 0.321809 0.141250 0.318262 0.140250 0.303635 0.139750 0.272606 0.144000 0.271720 0.148250 0.272163 0.151750 0.279255 0.152500
2 0.359043 0.076000 0.362589 0.075250 0.366135 0.072750 0.371011 0.072000 0.406472 0.071000 0.416667 0.072500 0.425532 0.077750 0.428191 0.081250 0.429521 0.080750 0.431738 0.075000 0.432624 0.057250 0.431738 0.050000 0.426862 0.043500 0.418440 0.040500 0.407801 0.039250 0.400266 0.037000 0.390514 0.036000 0.379876 0.036250 0.362589 0.041250 0.357713 0.048500 0.357270 0.071750 0.359043 0.076000
2 0.371454 0.092750 0.377660 0.092500 0.421986 0.096500 0.424645 0.088000 0.424645 0.081750 0.423316 0.077750 0.414894 0.072750 0.376330 0.072750 0.360372 0.076000 0.357270 0.079250 0.359043 0.095750 0.371454 0.092750
2 0.350621 0.126500 0.352394 0.129500 0.355940 0.123250 0.359929 0.119750 0.373670 0.115500 0.403812 0.113500 0.421986 0.114250 0.423316 0.113000 0.421543 0.096250 0.405585 0.095500 0.390514 0.093500 0.386968 0.091750 0.379876 0.091750 0.360372 0.094750 0.355940 0.096250 0.349734 0.100500 0.348848 0.111750 0.350621 0.126500
2 0.357270 0.150000 0.363475 0.152750 0.369681 0.159250 0.372340 0.155250 0.382535 0.155000 0.386968 0.151750 0.405585 0.151750 0.410461 0.154750 0.411348 0.158000 0.423759 0.151500 0.425089 0.152000 0.426862 0.150250 0.433954 0.148500 0.438387 0.144250 0.438830 0.126000 0.437500 0.123000 0.434397 0.119500 0.419770 0.115000 0.397163 0.114500 0.369681 0.116500 0.359929 0.120000 0.357270 0.123250 0.354167 0.133000 0.354610 0.147500 0.357270 0.150000
2 0.449025 0.046750 0.453901 0.044750 0.473848 0.044750 0.481826 0.047250 0.496454 0.049000 0.504876 0.051500 0.507535 0.051000 0.510195 0.053750 0.509752 0.057500 0.511968 0.058750 0.512411 0.034750 0.509752 0.029500 0.504433 0.027750 0.487589 0.025000 0.467642 0.025250 0.460106 0.026250 0.448138 0.031250 0.443706 0.034500 0.443706 0.047250 0.449025 0.046750
2 0.438830 0.081500 0.441046 0.080000 0.452128 0.077250 0.466755 0.077250 0.476064 0.076000 0.497340 0.083000 0.502216 0.088500 0.504876 0.081750 0.506206 0.060750 0.499557 0.050250 0.486259 0.047250 0.466755 0.044750 0.452571 0.045750 0.445922 0.047250 0.441489 0.050250 0.438830 0.053500 0.437500 0.059000 0.436613 0.078000 0.438830 0.081500
2 0.438387 0.144000 0.441046 0.146500 0.445922 0.147500 0.460106 0.147250 0.491578 0.145500 0.499557 0.143750 0.501330 0.129750 0.498227 0.126000 0.476950 0.122750 0.467642 0.123250 0.445035 0.121750 0.439273 0.123000 0.440160 0.134750 0.438387 0.144000
2 0.429000 0.116976 0.442297 0.123176 0.449235 0.122523 0.508787 0.125134 0.508787 0.098050 0.494332 0.090546 0.467159 0.087609 0.444032 0.088587 0.428422 0.093587 0.429000 0.116976
