1 0.413547 0.221314 0.477738 0.221054 0.480970 0.205676 0.412161 0.205241 0.413547 0.221314
1 0.414470 0.238777 0.481894 0.238777 0.482355 0.222617 0.417703 0.223213 0.414470 0.238777
1 0.414932 0.256239 0.481894 0.256239 0.482817 0.239037 0.417010 0.239231 0.414932 0.256239
1 0.414799 0.271202 0.483324 0.272623 0.484332 0.255988 0.414925 0.256254 0.414799 0.271202
1 0.413792 0.290112 0.480301 0.290397 0.480552 0.273761 0.412280 0.274371 0.413792 0.290112
1 0.412784 0.306748 0.476773 0.307316 0.479797 0.289970 0.413792 0.289290 0.412784 0.306748
1 0.414043 0.323229 0.480301 0.325788 0.482316 0.308442 0.414547 0.307193 0.414043 0.323229
1 0.413036 0.336878 0.480805 0.334745 0.479545 0.325948 0.411524 0.324793 0.413036 0.336878
1 0.591755 0.254750 0.594415 0.256250 0.598404 0.256000 0.603280 0.254000 0.605496 0.249250 0.608599 0.247000 0.617465 0.248250 0.625887 0.247000 0.630762 0.247750 0.639628 0.246250 0.644504 0.246750 0.655142 0.245500 0.671543 0.245750 0.673316 0.241250 0.672872 0.224000 0.671543 0.222500 0.657801 0.222500 0.604167 0.224500 0.597961 0.227500 0.594415 0.237750 0.593528 0.252750 0.591755 0.254750
1 0.601064 0.252250 0.594415 0.257750 0.595301 0.261500 0.592642 0.266750 0.594858 0.272750 0.627216 0.272000 0.633865 0.273500 0.640071 0.272750 0.644060 0.273500 0.644504 0.272750 0.661348 0.272000 0.671543 0.274000 0.673316 0.256500 0.671543 0.245500 0.622340 0.247000 0.600470 0.248702 0.595301 0.248750 0.601064 0.252250
1 0.595301 0.284750 0.595301 0.288250 0.601064 0.294250 0.661791 0.292500 0.671543 0.291750 0.673316 0.290250 0.671986 0.275250 0.671543 0.274500 0.667110 0.275000 0.664450 0.273000 0.660461 0.274250 0.653812 0.273000 0.651596 0.274250 0.640071 0.275000 0.636968 0.274000 0.628989 0.274500 0.616135 0.272500 0.599291 0.276000 0.599291 0.280000 0.595301 0.284750
1 0.602394 0.319000 0.610372 0.317500 0.662234 0.316250 0.671986 0.315500 0.673316 0.314250 0.674202 0.296500 0.671986 0.293000 0.601950 0.294250 0.598404 0.296250 0.598404 0.308750 0.602394 0.319000
1 0.605496 0.333500 0.621897 0.332250 0.636968 0.333250 0.660904 0.331000 0.668883 0.331250 0.671543 0.332750 0.673759 0.331500 0.675089 0.321750 0.673759 0.317750 0.671543 0.316250 0.605496 0.317500 0.601950 0.319500 0.601950 0.330000 0.605496 0.333500
1 0.612589 0.616250 0.621454 0.614750 0.627216 0.616250 0.641401 0.614000 0.656028 0.614750 0.660904 0.616250 0.670213 0.615000 0.678635 0.615750 0.681738 0.615000 0.683067 0.613250 0.682624 0.599000 0.680851 0.597500 0.647606 0.594750 0.627216 0.595750 0.617908 0.594500 0.613475 0.596000 0.611259 0.602250 0.610816 0.612750 0.612589 0.616250
1 0.612589 0.631500 0.619238 0.637250 0.624113 0.634750 0.639184 0.633500 0.649823 0.634500 0.682181 0.634500 0.683511 0.631750 0.683511 0.618250 0.682181 0.616000 0.664450 0.615250 0.643617 0.612750 0.637411 0.614250 0.612589 0.614750 0.610816 0.617000 0.609929 0.621250 0.612589 0.631500
1 0.619681 0.651000 0.647606 0.651750 0.665337 0.650250 0.678635 0.651500 0.682181 0.651000 0.683511 0.649750 0.684840 0.639500 0.682181 0.633250 0.674202 0.635000 0.659574 0.634500 0.651596 0.633250 0.647163 0.633750 0.644947 0.632750 0.635195 0.632750 0.621454 0.634750 0.616135 0.633500 0.613475 0.634250 0.612589 0.646750 0.619681 0.651000
6 0.406165 0.892849 0.460706 0.895292 0.484080 0.859951 0.482348 0.841547 0.434445 0.839592 0.406454 0.872609 0.406165 0.892849
6 0.397219 0.836661 0.396354 0.820700 0.372114 0.820700 0.357108 0.841058 0.354511 0.865529 0.382791 0.865325 0.397219 0.836661
6 0.383945 0.866139 0.357974 0.866302 0.352779 0.870862 0.352202 0.891546 0.406165 0.893338 0.406742 0.872980 0.433291 0.840407 0.395633 0.840872 0.383945 0.866139
4 0.495236 0.880643 0.536488 0.882289 0.536072 0.867473 0.543156 0.841840 0.506487 0.841369 0.496903 0.865201 0.495236 0.880643
4 0.536603 0.881645 0.577856 0.883292 0.577439 0.868476 0.584523 0.842842 0.547854 0.842371 0.538270 0.866204 0.536603 0.881645
4 0.499948 0.940548 0.542306 0.943536 0.543121 0.928135 0.500966 0.926311 0.499948 0.940548
4 0.543433 0.942100 0.585791 0.945088 0.586605 0.929687 0.544451 0.927863 0.543433 0.942100
0 0.504876 0.335500 0.513298 0.335250 0.519504 0.336500 0.524823 0.335250 0.588652 0.335000 0.593085 0.333750 0.595745 0.331500 0.594415 0.314250 0.591755 0.309250 0.580230 0.308000 0.571365 0.309250 0.567376 0.308500 0.554078 0.309500 0.511525 0.309500 0.504433 0.310250 0.502660 0.312250 0.502216 0.325000 0.504876 0.335500
0 0.504876 0.309000 0.544770 0.308500 0.577128 0.306750 0.591755 0.308500 0.594415 0.305500 0.593528 0.286500 0.592199 0.283250 0.589982 0.282250 0.537234 0.283250 0.515071 0.282250 0.504876 0.283250 0.502660 0.285000 0.502660 0.304750 0.504876 0.309000
0 0.498227 0.112000 0.565160 0.112000 0.578014 0.111500 0.580674 0.109500 0.582004 0.092250 0.580674 0.091250 0.572252 0.091250 0.564273 0.092500 0.514628 0.090500 0.498670 0.091250 0.496011 0.093750 0.494681 0.109750 0.498227 0.112000
0 0.502216 0.124250 0.503546 0.133750 0.508422 0.136750 0.510638 0.136000 0.534131 0.135750 0.550532 0.137250 0.556738 0.135750 0.587766 0.136750 0.592199 0.135750 0.593085 0.125250 0.591755 0.116750 0.581560 0.113500 0.528369 0.112250 0.507092 0.113000 0.497784 0.115250 0.497340 0.119750 0.502216 0.124250
0 0.510638 0.156750 0.515071 0.157750 0.521277 0.157000 0.591755 0.158500 0.597518 0.155750 0.597961 0.140500 0.596188 0.137750 0.592199 0.136500 0.574025 0.137500 0.568706 0.136250 0.516844 0.136250 0.511525 0.137750 0.509309 0.140250 0.508422 0.155000 0.510638 0.156750
0 0.507979 0.178000 0.513741 0.178250 0.519060 0.180000 0.530585 0.177750 0.546543 0.178500 0.588652 0.177750 0.593528 0.175500 0.593085 0.160750 0.588652 0.157750 0.528812 0.157250 0.519504 0.158500 0.508422 0.157750 0.505762 0.161000 0.505319 0.176000 0.507979 0.178000
0 0.581117 0.066250 0.604167 0.065750 0.633422 0.067000 0.648050 0.065000 0.658688 0.065750 0.664450 0.064250 0.663564 0.046500 0.660904 0.042250 0.600177 0.044750 0.580674 0.046250 0.578014 0.047750 0.578014 0.064250 0.581117 0.066250
0 0.585106 0.112000 0.607713 0.109750 0.661348 0.108000 0.664894 0.107250 0.666223 0.105500 0.667110 0.092000 0.664894 0.085250 0.646277 0.086750 0.612589 0.086750 0.609043 0.088250 0.602394 0.087500 0.594858 0.089250 0.584663 0.089500 0.582890 0.091000 0.583333 0.109750 0.585106 0.112000
0 0.603280 0.133500 0.631206 0.133500 0.632979 0.132500 0.637411 0.133000 0.645833 0.132000 0.664894 0.132750 0.667996 0.130750 0.668440 0.112000 0.666223 0.109750 0.661348 0.110500 0.612145 0.110750 0.601507 0.112000 0.599291 0.114000 0.599734 0.123500 0.603280 0.133500
0 0.644356 0.155500 0.661348 0.156000 0.668440 0.154250 0.669326 0.140000 0.668440 0.133750 0.666223 0.132750 0.612589 0.134750 0.605940 0.135500 0.601950 0.139750 0.602394 0.157250 0.644356 0.155500
0 0.604167 0.177250 0.663564 0.177250 0.667996 0.176750 0.670656 0.175250 0.670213 0.159750 0.667996 0.156250 0.611702 0.156750 0.605053 0.157500 0.601064 0.160250 0.600621 0.175250 0.604167 0.177250
0 0.303635 0.611250 0.306738 0.616500 0.338008 0.615148 0.346059 0.614834 0.351056 0.615304 0.359940 0.615304 0.372155 0.614677 0.372710 0.612014 0.373821 0.611387 0.371011 0.610750 0.372340 0.598500 0.371878 0.596658 0.353280 0.596250 0.341755 0.595250 0.320479 0.596750 0.314273 0.598750 0.310727 0.597500 0.305851 0.597500 0.303635 0.597750 0.303635 0.611250
0 0.324911 0.652500 0.362589 0.650250 0.366135 0.648500 0.367465 0.640000 0.366135 0.637250 0.361702 0.636000 0.359043 0.633250 0.355940 0.634250 0.351507 0.632750 0.347518 0.635000 0.337323 0.636500 0.300975 0.636500 0.296986 0.642500 0.296986 0.652250 0.324911 0.652500
0 0.305450 0.617311 0.304692 0.634420 0.374931 0.633323 0.373543 0.615461 0.305450 0.617311
0 0.294420 0.671829 0.363271 0.671672 0.363271 0.653340 0.295253 0.654191 0.294420 0.671829
0 0.295253 0.689378 0.363826 0.689848 0.364104 0.671672 0.295253 0.672276 0.295253 0.689378
0 0.294698 0.709590 0.364382 0.709120 0.364937 0.690631 0.295253 0.691066 0.294698 0.709590
0 0.294420 0.727609 0.361605 0.727609 0.363549 0.709277 0.296086 0.708916 0.294420 0.727609
0 0.293310 0.747653 0.362716 0.747038 0.362716 0.728706 0.294420 0.728880 0.293310 0.747653
0 0.539424 0.707385 0.576348 0.707855 0.577180 0.697514 0.567186 0.690307 0.533455 0.688247 0.532483 0.697201 0.539424 0.707385
0 0.541551 0.718716 0.578481 0.719088 0.578745 0.708369 0.540891 0.709024 0.541551 0.718716
0 0.542342 0.729287 0.579932 0.729510 0.579008 0.719088 0.541287 0.719735 0.542342 0.729287
0 0.541023 0.729417 0.542078 0.739987 0.579008 0.740136 0.579536 0.730086 0.541881 0.730112 0.541023 0.729417
0 0.583757 0.739838 0.621214 0.739764 0.618972 0.729789 0.583888 0.730310 0.583757 0.739838
0 0.579602 0.686092 0.617059 0.685497 0.616400 0.674852 0.612443 0.668227 0.576700 0.669635 0.576832 0.677532 0.579602 0.686092
0 0.581580 0.696737 0.618510 0.696290 0.616136 0.685944 0.579470 0.686707 0.581580 0.696737
0 0.581580 0.707480 0.618774 0.707480 0.617719 0.696761 0.580262 0.697754 0.581580 0.707480
0 0.581712 0.718940 0.619301 0.718568 0.618246 0.708019 0.580921 0.708444 0.581712 0.718940
0 0.582371 0.729499 0.620884 0.728903 0.620225 0.718928 0.581448 0.719178 0.582371 0.729499
