2 0.272500 0.131206 0.273750 0.140071 0.273000 0.165337 0.275250 0.167553 0.281750 0.165337 0.293250 0.165780 0.296750 0.168883 0.299750 0.167553 0.302250 0.156028 0.305250 0.152482 0.306750 0.148050 0.307750 0.129433 0.305250 0.113032 0.300750 0.108599 0.292500 0.105496 0.280500 0.105940 0.274750 0.109043 0.273250 0.112145 0.272250 0.115691 0.272500 0.131206
2 0.308750 0.150266 0.310500 0.152039 0.319500 0.152482 0.324500 0.155142 0.326250 0.154255 0.327500 0.151152 0.327250 0.107713 0.324500 0.105496 0.317500 0.106383 0.313500 0.108156 0.309500 0.113032 0.308500 0.118794 0.308750 0.150266
2 0.270750 0.205230 0.271250 0.207890 0.275000 0.210106 0.287250 0.210993 0.295000 0.210993 0.298750 0.209220 0.300000 0.175089 0.298250 0.167996 0.281500 0.166667 0.275750 0.168440 0.273750 0.171543 0.273500 0.182181 0.270750 0.205230
2 0.300500 0.209663 0.324750 0.209220 0.326500 0.202571 0.326000 0.157801 0.324000 0.155142 0.318000 0.152926 0.306500 0.154255 0.302000 0.162677 0.299750 0.192376 0.299500 0.207447 0.300500 0.209663
2 0.188250 0.445922 0.192500 0.446365 0.195750 0.444149 0.220250 0.447252 0.226250 0.445922 0.227750 0.388298 0.227250 0.383422 0.223750 0.376330 0.221000 0.378546 0.207000 0.376330 0.197750 0.376773 0.189000 0.378989 0.187500 0.382979 0.187250 0.439273 0.188250 0.445922
2 0.314250 0.394504 0.317500 0.398050 0.323750 0.397606 0.324500 0.396277 0.324750 0.383865 0.324500 0.350177 0.316750 0.347961 0.314750 0.348848 0.313000 0.353723 0.312500 0.366135 0.314250 0.394504
2 0.313750 0.314273 0.312250 0.328457 0.313750 0.348848 0.318250 0.349291 0.324000 0.347074 0.326250 0.313387 0.326250 0.292110 0.324750 0.288121 0.317500 0.288121 0.314500 0.290780 0.313000 0.296543 0.312750 0.307181 0.313750 0.314273
2 0.316500 0.448582 0.323750 0.447695 0.324750 0.439716 0.323500 0.423316 0.324750 0.418440 0.324500 0.400709 0.321500 0.398936 0.314500 0.400266 0.313250 0.413564 0.313000 0.445922 0.316500 0.448582
2 0.192562 0.377448 0.202139 0.376315 0.212034 0.377448 0.222249 0.379430 0.226239 0.382262 0.228314 0.306087 0.218738 0.299291 0.205012 0.295043 0.194318 0.296459 0.187934 0.300248 0.187136 0.381695 0.192562 0.377448
2 0.226183 0.380080 0.232818 0.378772 0.234250 0.320479 0.231000 0.316933 0.227500 0.318262 0.226500 0.320479 0.226250 0.353723 0.226183 0.380080
