2 0.036348 0.240250 0.043440 0.240750 0.046986 0.239500 0.061170 0.238500 0.091755 0.243750 0.093528 0.242750 0.097518 0.227500 0.097518 0.221250 0.091755 0.217000 0.081117 0.214500 0.057624 0.213000 0.039450 0.215250 0.035904 0.217250 0.035018 0.220500 0.034574 0.235000 0.036348 0.240250
2 0.034131 0.256250 0.063830 0.257750 0.081560 0.262000 0.091755 0.267000 0.095301 0.259500 0.095301 0.249750 0.093972 0.246250 0.090869 0.244000 0.074911 0.240750 0.060727 0.240000 0.036348 0.242000 0.034574 0.245500 0.031915 0.255000 0.034131 0.256250
2 0.020833 0.284750 0.030142 0.286000 0.046543 0.284500 0.050532 0.283250 0.073582 0.285750 0.085106 0.289750 0.088209 0.271750 0.086879 0.266250 0.083333 0.262750 0.070922 0.259500 0.067819 0.257750 0.044326 0.256500 0.025709 0.258000 0.019947 0.262750 0.019060 0.281000 0.020833 0.284750
2 0.040337 0.312250 0.072252 0.311500 0.081117 0.313000 0.084663 0.312750 0.088209 0.311000 0.087323 0.296250 0.083333 0.291250 0.070479 0.288750 0.067376 0.286750 0.051862 0.285250 0.039450 0.286500 0.024823 0.286500 0.019947 0.288000 0.018617 0.290750 0.017730 0.310750 0.040337 0.312250
2 0.094120 0.271217 0.099422 0.270719 0.099864 0.247525 0.107818 0.245281 0.126376 0.244034 0.154215 0.247276 0.154656 0.245780 0.167471 0.240792 0.167471 0.230817 0.138749 0.225330 0.122399 0.224333 0.097434 0.227038 0.094120 0.271217
2 0.097213 0.270220 0.111794 0.268474 0.124167 0.268474 0.138307 0.269471 0.155098 0.273462 0.154656 0.249521 0.135656 0.245780 0.100748 0.247224 0.097213 0.270220
2 0.124563 0.292635 0.141609 0.295225 0.156360 0.297630 0.156688 0.273394 0.129153 0.268214 0.096864 0.271587 0.097684 0.295225 0.124563 0.292635
2 0.098995 0.313170 0.152754 0.314465 0.153738 0.312985 0.153082 0.298000 0.114402 0.293930 0.098832 0.296822 0.098995 0.313170
2 0.173759 0.241250 0.182181 0.241500 0.184840 0.240500 0.192376 0.240250 0.195922 0.241750 0.203901 0.242750 0.207004 0.244500 0.209663 0.247750 0.210550 0.259500 0.213209 0.265000 0.237589 0.270750 0.241135 0.265250 0.240248 0.239750 0.237145 0.234500 0.226507 0.230000 0.200798 0.226500 0.175975 0.228750 0.170213 0.231500 0.169770 0.236750 0.173759 0.241250
2 0.155585 0.262750 0.157801 0.265000 0.172429 0.263500 0.181294 0.260750 0.185727 0.260750 0.188830 0.263000 0.192376 0.260500 0.195922 0.261500 0.208777 0.261000 0.208777 0.247750 0.207447 0.244500 0.203901 0.243000 0.189716 0.240500 0.174202 0.240500 0.164007 0.242000 0.156915 0.245250 0.155142 0.247750 0.155585 0.262750
2 0.157801 0.306500 0.159474 0.315575 0.178159 0.313910 0.194221 0.315390 0.214217 0.315760 0.229951 0.315760 0.230606 0.310395 0.230496 0.304500 0.229167 0.292000 0.230053 0.272500 0.226507 0.269000 0.203014 0.262250 0.195922 0.261500 0.168440 0.262500 0.157801 0.265500 0.156915 0.272500 0.156472 0.302750 0.157801 0.306500
2 0.233599 0.315250 0.238475 0.316000 0.242908 0.314000 0.242021 0.310000 0.243794 0.303750 0.241578 0.279000 0.238918 0.271750 0.230940 0.269750 0.227394 0.270500 0.231383 0.313250 0.233599 0.315250
